0.000000000000000000e+00
5.000000000000000000e+03
1.000000000000000000e+04
1.500000000000000000e+04
2.000000000000000000e+04
2.500000000000000000e+04
3.000000000000000000e+04
3.500000000000000000e+04
4.000000000000000000e+04
4.500000000000000000e+04
5.000000000000000000e+04
5.500000000000000000e+04
6.000000000000000000e+04
6.500000000000000000e+04
7.000000000000000000e+04
7.500000000000000000e+04
8.000000000000000000e+04
8.500000000000000000e+04
9.000000000000000000e+04
9.500000000000000000e+04
1.000000000000000000e+05
1.050000000000000000e+05
1.100000000000000000e+05
1.150000000000000000e+05
1.200000000000000000e+05
1.250000000000000000e+05
1.300000000000000000e+05
1.350000000000000000e+05
1.400000000000000000e+05
1.450000000000000000e+05
1.500000000000000000e+05
1.550000000000000000e+05
1.600000000000000000e+05
1.650000000000000000e+05
1.700000000000000000e+05
1.750000000000000000e+05
1.800000000000000000e+05
1.850000000000000000e+05
1.900000000000000000e+05
1.950000000000000000e+05
2.000000000000000000e+05
2.050000000000000000e+05
2.100000000000000000e+05
2.150000000000000000e+05
2.200000000000000000e+05
2.250000000000000000e+05
2.300000000000000000e+05
2.350000000000000000e+05
2.400000000000000000e+05
2.450000000000000000e+05
2.500000000000000000e+05
2.550000000000000000e+05
2.600000000000000000e+05
2.650000000000000000e+05
2.700000000000000000e+05
2.750000000000000000e+05
2.800000000000000000e+05
2.850000000000000000e+05
2.900000000000000000e+05
2.950000000000000000e+05
3.000000000000000000e+05
3.050000000000000000e+05
3.100000000000000000e+05
3.150000000000000000e+05
3.200000000000000000e+05
3.250000000000000000e+05
3.300000000000000000e+05
3.350000000000000000e+05
3.400000000000000000e+05
3.450000000000000000e+05
3.500000000000000000e+05
3.550000000000000000e+05
3.600000000000000000e+05
3.650000000000000000e+05
3.700000000000000000e+05
3.750000000000000000e+05
3.800000000000000000e+05
3.850000000000000000e+05
3.900000000000000000e+05
3.950000000000000000e+05
4.000000000000000000e+05
4.050000000000000000e+05
4.100000000000000000e+05
4.150000000000000000e+05
4.200000000000000000e+05
4.250000000000000000e+05
4.300000000000000000e+05
4.350000000000000000e+05
4.400000000000000000e+05
4.450000000000000000e+05
4.500000000000000000e+05
4.550000000000000000e+05
4.600000000000000000e+05
4.650000000000000000e+05
4.700000000000000000e+05
4.750000000000000000e+05
4.800000000000000000e+05
4.850000000000000000e+05
4.900000000000000000e+05
4.950000000000000000e+05
5.000000000000000000e+05
5.050000000000000000e+05
5.100000000000000000e+05
5.150000000000000000e+05
5.200000000000000000e+05
5.250000000000000000e+05
5.300000000000000000e+05
5.350000000000000000e+05
5.400000000000000000e+05
5.450000000000000000e+05
5.500000000000000000e+05
5.550000000000000000e+05
5.600000000000000000e+05
5.650000000000000000e+05
5.700000000000000000e+05
5.750000000000000000e+05
5.800000000000000000e+05
5.850000000000000000e+05
5.900000000000000000e+05
5.950000000000000000e+05
6.000000000000000000e+05
6.050000000000000000e+05
6.100000000000000000e+05
6.150000000000000000e+05
6.200000000000000000e+05
6.250000000000000000e+05
6.300000000000000000e+05
6.350000000000000000e+05
6.400000000000000000e+05
6.450000000000000000e+05
6.500000000000000000e+05
6.550000000000000000e+05
6.600000000000000000e+05
6.650000000000000000e+05
6.700000000000000000e+05
6.750000000000000000e+05
6.800000000000000000e+05
6.850000000000000000e+05
6.900000000000000000e+05
6.950000000000000000e+05
7.000000000000000000e+05
7.050000000000000000e+05
7.100000000000000000e+05
7.150000000000000000e+05
7.200000000000000000e+05
7.250000000000000000e+05
7.300000000000000000e+05
7.350000000000000000e+05
7.400000000000000000e+05
7.450000000000000000e+05
7.500000000000000000e+05
7.550000000000000000e+05
7.600000000000000000e+05
7.650000000000000000e+05
7.700000000000000000e+05
7.750000000000000000e+05
7.800000000000000000e+05
7.850000000000000000e+05
7.900000000000000000e+05
7.950000000000000000e+05
8.000000000000000000e+05
8.050000000000000000e+05
8.100000000000000000e+05
8.150000000000000000e+05
8.200000000000000000e+05
8.250000000000000000e+05
8.300000000000000000e+05
8.350000000000000000e+05
8.400000000000000000e+05
8.450000000000000000e+05
8.500000000000000000e+05
8.550000000000000000e+05
8.600000000000000000e+05
8.650000000000000000e+05
8.700000000000000000e+05
8.750000000000000000e+05
8.800000000000000000e+05
8.850000000000000000e+05
8.900000000000000000e+05
8.950000000000000000e+05
9.000000000000000000e+05
9.050000000000000000e+05
9.100000000000000000e+05
9.150000000000000000e+05
9.200000000000000000e+05
9.250000000000000000e+05
9.300000000000000000e+05
9.350000000000000000e+05
9.400000000000000000e+05
9.450000000000000000e+05
9.500000000000000000e+05
9.550000000000000000e+05
9.600000000000000000e+05
9.650000000000000000e+05
9.700000000000000000e+05
9.750000000000000000e+05
9.800000000000000000e+05
9.850000000000000000e+05
9.900000000000000000e+05
9.950000000000000000e+05
1.000000000000000000e+06
1.005000000000000000e+06
1.010000000000000000e+06
1.015000000000000000e+06
1.020000000000000000e+06
1.025000000000000000e+06
1.030000000000000000e+06
1.035000000000000000e+06
1.040000000000000000e+06
1.045000000000000000e+06
1.050000000000000000e+06
1.055000000000000000e+06
1.060000000000000000e+06
1.065000000000000000e+06
1.070000000000000000e+06
1.075000000000000000e+06
1.080000000000000000e+06
1.085000000000000000e+06
1.090000000000000000e+06
1.095000000000000000e+06
1.100000000000000000e+06
1.105000000000000000e+06
1.110000000000000000e+06
1.115000000000000000e+06
1.120000000000000000e+06
1.125000000000000000e+06
1.130000000000000000e+06
1.135000000000000000e+06
1.140000000000000000e+06
1.145000000000000000e+06
1.150000000000000000e+06
1.155000000000000000e+06
1.160000000000000000e+06
1.165000000000000000e+06
1.170000000000000000e+06
1.175000000000000000e+06
1.180000000000000000e+06
1.185000000000000000e+06
1.190000000000000000e+06
1.195000000000000000e+06
1.200000000000000000e+06
1.205000000000000000e+06
1.210000000000000000e+06
1.215000000000000000e+06
1.220000000000000000e+06
1.225000000000000000e+06
1.230000000000000000e+06
1.235000000000000000e+06
1.240000000000000000e+06
1.245000000000000000e+06
1.250000000000000000e+06
1.255000000000000000e+06
1.260000000000000000e+06
1.265000000000000000e+06
1.270000000000000000e+06
1.275000000000000000e+06
1.280000000000000000e+06
1.285000000000000000e+06
1.290000000000000000e+06
1.295000000000000000e+06
1.300000000000000000e+06
1.305000000000000000e+06
1.310000000000000000e+06
1.315000000000000000e+06
1.320000000000000000e+06
1.325000000000000000e+06
1.330000000000000000e+06
1.335000000000000000e+06
1.340000000000000000e+06
1.345000000000000000e+06
1.350000000000000000e+06
1.355000000000000000e+06
1.360000000000000000e+06
1.365000000000000000e+06
1.370000000000000000e+06
1.375000000000000000e+06
1.380000000000000000e+06
1.385000000000000000e+06
1.390000000000000000e+06
1.395000000000000000e+06
1.400000000000000000e+06
1.405000000000000000e+06
1.410000000000000000e+06
1.415000000000000000e+06
1.420000000000000000e+06
1.425000000000000000e+06
1.430000000000000000e+06
1.435000000000000000e+06
1.440000000000000000e+06
1.445000000000000000e+06
1.450000000000000000e+06
1.455000000000000000e+06
1.460000000000000000e+06
1.465000000000000000e+06
1.470000000000000000e+06
1.475000000000000000e+06
1.480000000000000000e+06
1.485000000000000000e+06
1.490000000000000000e+06
1.495000000000000000e+06
1.500000000000000000e+06
1.505000000000000000e+06
1.510000000000000000e+06
1.515000000000000000e+06
1.520000000000000000e+06
1.525000000000000000e+06
1.530000000000000000e+06
1.535000000000000000e+06
1.540000000000000000e+06
1.545000000000000000e+06
1.550000000000000000e+06
1.555000000000000000e+06
1.560000000000000000e+06
1.565000000000000000e+06
1.570000000000000000e+06
1.575000000000000000e+06
1.580000000000000000e+06
1.585000000000000000e+06
1.590000000000000000e+06
1.595000000000000000e+06
1.600000000000000000e+06
1.605000000000000000e+06
1.610000000000000000e+06
1.615000000000000000e+06
1.620000000000000000e+06
1.625000000000000000e+06
1.630000000000000000e+06
1.635000000000000000e+06
1.640000000000000000e+06
1.645000000000000000e+06
1.650000000000000000e+06
1.655000000000000000e+06
1.660000000000000000e+06
1.665000000000000000e+06
1.670000000000000000e+06
1.675000000000000000e+06
1.680000000000000000e+06
1.685000000000000000e+06
1.690000000000000000e+06
1.695000000000000000e+06
1.700000000000000000e+06
1.705000000000000000e+06
1.710000000000000000e+06
1.715000000000000000e+06
1.720000000000000000e+06
1.725000000000000000e+06
1.730000000000000000e+06
1.735000000000000000e+06
1.740000000000000000e+06
1.745000000000000000e+06
1.750000000000000000e+06
1.755000000000000000e+06
1.760000000000000000e+06
1.765000000000000000e+06
1.770000000000000000e+06
1.775000000000000000e+06
1.780000000000000000e+06
1.785000000000000000e+06
1.790000000000000000e+06
1.795000000000000000e+06
1.800000000000000000e+06
1.805000000000000000e+06
1.810000000000000000e+06
1.815000000000000000e+06
1.820000000000000000e+06
1.825000000000000000e+06
1.830000000000000000e+06
1.835000000000000000e+06
1.840000000000000000e+06
1.845000000000000000e+06
1.850000000000000000e+06
1.855000000000000000e+06
1.860000000000000000e+06
1.865000000000000000e+06
1.870000000000000000e+06
1.875000000000000000e+06
1.880000000000000000e+06
1.885000000000000000e+06
1.890000000000000000e+06
1.895000000000000000e+06
1.900000000000000000e+06
1.905000000000000000e+06
1.910000000000000000e+06
1.915000000000000000e+06
1.920000000000000000e+06
1.925000000000000000e+06
1.930000000000000000e+06
1.935000000000000000e+06
1.940000000000000000e+06
1.945000000000000000e+06
1.950000000000000000e+06
1.955000000000000000e+06
1.960000000000000000e+06
1.965000000000000000e+06
1.970000000000000000e+06
1.975000000000000000e+06
1.980000000000000000e+06
1.985000000000000000e+06
1.990000000000000000e+06
1.995000000000000000e+06
2.000000000000000000e+06
2.005000000000000000e+06
2.010000000000000000e+06
2.015000000000000000e+06
2.020000000000000000e+06
2.025000000000000000e+06
2.030000000000000000e+06
2.035000000000000000e+06
2.040000000000000000e+06
2.045000000000000000e+06
2.050000000000000000e+06
2.055000000000000000e+06
2.060000000000000000e+06
2.065000000000000000e+06
2.070000000000000000e+06
2.075000000000000000e+06
2.080000000000000000e+06
2.085000000000000000e+06
2.090000000000000000e+06
2.095000000000000000e+06
2.100000000000000000e+06
2.105000000000000000e+06
2.110000000000000000e+06
2.115000000000000000e+06
2.120000000000000000e+06
2.125000000000000000e+06
2.130000000000000000e+06
2.135000000000000000e+06
2.140000000000000000e+06
2.145000000000000000e+06
2.150000000000000000e+06
2.155000000000000000e+06
2.160000000000000000e+06
2.165000000000000000e+06
2.170000000000000000e+06
2.175000000000000000e+06
2.180000000000000000e+06
2.185000000000000000e+06
2.190000000000000000e+06
2.195000000000000000e+06
2.200000000000000000e+06
2.205000000000000000e+06
2.210000000000000000e+06
2.215000000000000000e+06
2.220000000000000000e+06
2.225000000000000000e+06
2.230000000000000000e+06
2.235000000000000000e+06
2.240000000000000000e+06
2.245000000000000000e+06
2.250000000000000000e+06
2.255000000000000000e+06
2.260000000000000000e+06
2.265000000000000000e+06
2.270000000000000000e+06
2.275000000000000000e+06
2.280000000000000000e+06
2.285000000000000000e+06
2.290000000000000000e+06
2.295000000000000000e+06
2.300000000000000000e+06
2.305000000000000000e+06
2.310000000000000000e+06
2.315000000000000000e+06
2.320000000000000000e+06
2.325000000000000000e+06
2.330000000000000000e+06
2.335000000000000000e+06
2.340000000000000000e+06
2.345000000000000000e+06
2.350000000000000000e+06
2.355000000000000000e+06
2.360000000000000000e+06
2.365000000000000000e+06
2.370000000000000000e+06
2.375000000000000000e+06
2.380000000000000000e+06
2.385000000000000000e+06
2.390000000000000000e+06
2.395000000000000000e+06
2.400000000000000000e+06
2.405000000000000000e+06
2.410000000000000000e+06
2.415000000000000000e+06
2.420000000000000000e+06
2.425000000000000000e+06
2.430000000000000000e+06
2.435000000000000000e+06
2.440000000000000000e+06
2.445000000000000000e+06
2.450000000000000000e+06
2.455000000000000000e+06
2.460000000000000000e+06
2.465000000000000000e+06
2.470000000000000000e+06
2.475000000000000000e+06
2.480000000000000000e+06
2.485000000000000000e+06
2.490000000000000000e+06
2.495000000000000000e+06
2.500000000000000000e+06
2.505000000000000000e+06
2.510000000000000000e+06
2.515000000000000000e+06
2.520000000000000000e+06
2.525000000000000000e+06
2.530000000000000000e+06
2.535000000000000000e+06
2.540000000000000000e+06
2.545000000000000000e+06
2.550000000000000000e+06
2.555000000000000000e+06
2.560000000000000000e+06
2.565000000000000000e+06
2.570000000000000000e+06
2.575000000000000000e+06
2.580000000000000000e+06
2.585000000000000000e+06
2.590000000000000000e+06
2.595000000000000000e+06
2.600000000000000000e+06
2.605000000000000000e+06
2.610000000000000000e+06
2.615000000000000000e+06
2.620000000000000000e+06
2.625000000000000000e+06
2.630000000000000000e+06
2.635000000000000000e+06
2.640000000000000000e+06
2.645000000000000000e+06
2.650000000000000000e+06
2.655000000000000000e+06
2.660000000000000000e+06
2.665000000000000000e+06
2.670000000000000000e+06
2.675000000000000000e+06
2.680000000000000000e+06
2.685000000000000000e+06
2.690000000000000000e+06
2.695000000000000000e+06
2.700000000000000000e+06
2.705000000000000000e+06
2.710000000000000000e+06
2.715000000000000000e+06
2.720000000000000000e+06
2.725000000000000000e+06
2.730000000000000000e+06
2.735000000000000000e+06
2.740000000000000000e+06
2.745000000000000000e+06
2.750000000000000000e+06
2.755000000000000000e+06
2.760000000000000000e+06
2.765000000000000000e+06
2.770000000000000000e+06
2.775000000000000000e+06
2.780000000000000000e+06
2.785000000000000000e+06
2.790000000000000000e+06
2.795000000000000000e+06
2.800000000000000000e+06
2.805000000000000000e+06
2.810000000000000000e+06
2.815000000000000000e+06
2.820000000000000000e+06
2.825000000000000000e+06
2.830000000000000000e+06
2.835000000000000000e+06
2.840000000000000000e+06
2.845000000000000000e+06
2.850000000000000000e+06
2.855000000000000000e+06
2.860000000000000000e+06
2.865000000000000000e+06
2.870000000000000000e+06
2.875000000000000000e+06
2.880000000000000000e+06
2.885000000000000000e+06
2.890000000000000000e+06
2.895000000000000000e+06
2.900000000000000000e+06
2.905000000000000000e+06
2.910000000000000000e+06
2.915000000000000000e+06
2.920000000000000000e+06
2.925000000000000000e+06
2.930000000000000000e+06
2.935000000000000000e+06
2.940000000000000000e+06
2.945000000000000000e+06
2.950000000000000000e+06
2.955000000000000000e+06
2.960000000000000000e+06
2.965000000000000000e+06
2.970000000000000000e+06
2.975000000000000000e+06
2.980000000000000000e+06
2.985000000000000000e+06
2.990000000000000000e+06
2.995000000000000000e+06
3.000000000000000000e+06
3.005000000000000000e+06
3.010000000000000000e+06
3.015000000000000000e+06
3.020000000000000000e+06
3.025000000000000000e+06
3.030000000000000000e+06
3.035000000000000000e+06
3.040000000000000000e+06
3.045000000000000000e+06
3.050000000000000000e+06
3.055000000000000000e+06
3.060000000000000000e+06
3.065000000000000000e+06
3.070000000000000000e+06
3.075000000000000000e+06
3.080000000000000000e+06
3.085000000000000000e+06
3.090000000000000000e+06
3.095000000000000000e+06
3.100000000000000000e+06
3.105000000000000000e+06
3.110000000000000000e+06
3.115000000000000000e+06
3.120000000000000000e+06
3.125000000000000000e+06
3.130000000000000000e+06
3.135000000000000000e+06
3.140000000000000000e+06
3.145000000000000000e+06
3.150000000000000000e+06
3.155000000000000000e+06
3.160000000000000000e+06
3.165000000000000000e+06
3.170000000000000000e+06
3.175000000000000000e+06
3.180000000000000000e+06
3.185000000000000000e+06
3.190000000000000000e+06
3.195000000000000000e+06
3.200000000000000000e+06
3.205000000000000000e+06
3.210000000000000000e+06
3.215000000000000000e+06
3.220000000000000000e+06
3.225000000000000000e+06
3.230000000000000000e+06
3.235000000000000000e+06
3.240000000000000000e+06
3.245000000000000000e+06
3.250000000000000000e+06
3.255000000000000000e+06
3.260000000000000000e+06
3.265000000000000000e+06
3.270000000000000000e+06
3.275000000000000000e+06
3.280000000000000000e+06
3.285000000000000000e+06
3.290000000000000000e+06
3.295000000000000000e+06
3.300000000000000000e+06
3.305000000000000000e+06
3.310000000000000000e+06
3.315000000000000000e+06
3.320000000000000000e+06
3.325000000000000000e+06
3.330000000000000000e+06
3.335000000000000000e+06
3.340000000000000000e+06
3.345000000000000000e+06
3.350000000000000000e+06
3.355000000000000000e+06
3.360000000000000000e+06
3.365000000000000000e+06
3.370000000000000000e+06
3.375000000000000000e+06
3.380000000000000000e+06
3.385000000000000000e+06
3.390000000000000000e+06
3.395000000000000000e+06
3.400000000000000000e+06
3.405000000000000000e+06
3.410000000000000000e+06
3.415000000000000000e+06
3.420000000000000000e+06
3.425000000000000000e+06
3.430000000000000000e+06
3.435000000000000000e+06
3.440000000000000000e+06
3.445000000000000000e+06
3.450000000000000000e+06
3.455000000000000000e+06
3.460000000000000000e+06
3.465000000000000000e+06
3.470000000000000000e+06
3.475000000000000000e+06
3.480000000000000000e+06
3.485000000000000000e+06
3.490000000000000000e+06
3.495000000000000000e+06
3.500000000000000000e+06
3.505000000000000000e+06
3.510000000000000000e+06
3.515000000000000000e+06
3.520000000000000000e+06
3.525000000000000000e+06
3.530000000000000000e+06
3.535000000000000000e+06
3.540000000000000000e+06
3.545000000000000000e+06
3.550000000000000000e+06
3.555000000000000000e+06
3.560000000000000000e+06
3.565000000000000000e+06
3.570000000000000000e+06
3.575000000000000000e+06
3.580000000000000000e+06
3.585000000000000000e+06
3.590000000000000000e+06
3.595000000000000000e+06
3.600000000000000000e+06
3.605000000000000000e+06
3.610000000000000000e+06
3.615000000000000000e+06
3.620000000000000000e+06
3.625000000000000000e+06
3.630000000000000000e+06
3.635000000000000000e+06
3.640000000000000000e+06
3.645000000000000000e+06
3.650000000000000000e+06
3.655000000000000000e+06
3.660000000000000000e+06
3.665000000000000000e+06
3.670000000000000000e+06
3.675000000000000000e+06
3.680000000000000000e+06
3.685000000000000000e+06
3.690000000000000000e+06
3.695000000000000000e+06
3.700000000000000000e+06
3.705000000000000000e+06
3.710000000000000000e+06
3.715000000000000000e+06
3.720000000000000000e+06
3.725000000000000000e+06
3.730000000000000000e+06
3.735000000000000000e+06
3.740000000000000000e+06
3.745000000000000000e+06
3.750000000000000000e+06
3.755000000000000000e+06
3.760000000000000000e+06
3.765000000000000000e+06
3.770000000000000000e+06
3.775000000000000000e+06
3.780000000000000000e+06
3.785000000000000000e+06
3.790000000000000000e+06
3.795000000000000000e+06
3.800000000000000000e+06
3.805000000000000000e+06
3.810000000000000000e+06
3.815000000000000000e+06
3.820000000000000000e+06
3.825000000000000000e+06
3.830000000000000000e+06
3.835000000000000000e+06
3.840000000000000000e+06
3.845000000000000000e+06
3.850000000000000000e+06
3.855000000000000000e+06
3.860000000000000000e+06
3.865000000000000000e+06
3.870000000000000000e+06
3.875000000000000000e+06
3.880000000000000000e+06
3.885000000000000000e+06
3.890000000000000000e+06
3.895000000000000000e+06
3.900000000000000000e+06
3.905000000000000000e+06
3.910000000000000000e+06
3.915000000000000000e+06
3.920000000000000000e+06
3.925000000000000000e+06
3.930000000000000000e+06
3.935000000000000000e+06
3.940000000000000000e+06
3.945000000000000000e+06
3.950000000000000000e+06
3.955000000000000000e+06
3.960000000000000000e+06
3.965000000000000000e+06
3.970000000000000000e+06
3.975000000000000000e+06
3.980000000000000000e+06
3.985000000000000000e+06
3.990000000000000000e+06
3.995000000000000000e+06
4.000000000000000000e+06
4.005000000000000000e+06
4.010000000000000000e+06
4.015000000000000000e+06
4.020000000000000000e+06
4.025000000000000000e+06
4.030000000000000000e+06
4.035000000000000000e+06
4.040000000000000000e+06
4.045000000000000000e+06
4.050000000000000000e+06
4.055000000000000000e+06
4.060000000000000000e+06
4.065000000000000000e+06
4.070000000000000000e+06
4.075000000000000000e+06
4.080000000000000000e+06
4.085000000000000000e+06
4.090000000000000000e+06
4.095000000000000000e+06
4.100000000000000000e+06
4.105000000000000000e+06
4.110000000000000000e+06
4.115000000000000000e+06
4.120000000000000000e+06
4.125000000000000000e+06
4.130000000000000000e+06
4.135000000000000000e+06
4.140000000000000000e+06
4.145000000000000000e+06
4.150000000000000000e+06
4.155000000000000000e+06
4.160000000000000000e+06
4.165000000000000000e+06
4.170000000000000000e+06
4.175000000000000000e+06
4.180000000000000000e+06
4.185000000000000000e+06
4.190000000000000000e+06
4.195000000000000000e+06
4.200000000000000000e+06
4.205000000000000000e+06
4.210000000000000000e+06
4.215000000000000000e+06
4.220000000000000000e+06
4.225000000000000000e+06
4.230000000000000000e+06
4.235000000000000000e+06
4.240000000000000000e+06
4.245000000000000000e+06
4.250000000000000000e+06
4.255000000000000000e+06
4.260000000000000000e+06
4.265000000000000000e+06
4.270000000000000000e+06
4.275000000000000000e+06
4.280000000000000000e+06
4.285000000000000000e+06
4.290000000000000000e+06
4.295000000000000000e+06
4.300000000000000000e+06
4.305000000000000000e+06
4.310000000000000000e+06
4.315000000000000000e+06
4.320000000000000000e+06
4.325000000000000000e+06
4.330000000000000000e+06
4.335000000000000000e+06
4.340000000000000000e+06
4.345000000000000000e+06
4.350000000000000000e+06
4.355000000000000000e+06
4.360000000000000000e+06
4.365000000000000000e+06
4.370000000000000000e+06
4.375000000000000000e+06
4.380000000000000000e+06
4.385000000000000000e+06
4.390000000000000000e+06
4.395000000000000000e+06
4.400000000000000000e+06
4.405000000000000000e+06
4.410000000000000000e+06
4.415000000000000000e+06
4.420000000000000000e+06
4.425000000000000000e+06
4.430000000000000000e+06
4.435000000000000000e+06
4.440000000000000000e+06
4.445000000000000000e+06
4.450000000000000000e+06
4.455000000000000000e+06
4.460000000000000000e+06
4.465000000000000000e+06
4.470000000000000000e+06
4.475000000000000000e+06
4.480000000000000000e+06
4.485000000000000000e+06
4.490000000000000000e+06
4.495000000000000000e+06
4.500000000000000000e+06
4.505000000000000000e+06
4.510000000000000000e+06
4.515000000000000000e+06
4.520000000000000000e+06
4.525000000000000000e+06
4.530000000000000000e+06
4.535000000000000000e+06
4.540000000000000000e+06
4.545000000000000000e+06
4.550000000000000000e+06
4.555000000000000000e+06
4.560000000000000000e+06
4.565000000000000000e+06
4.570000000000000000e+06
4.575000000000000000e+06
4.580000000000000000e+06
4.585000000000000000e+06
4.590000000000000000e+06
4.595000000000000000e+06
4.600000000000000000e+06
4.605000000000000000e+06
4.610000000000000000e+06
4.615000000000000000e+06
4.620000000000000000e+06
4.625000000000000000e+06
4.630000000000000000e+06
4.635000000000000000e+06
4.640000000000000000e+06
4.645000000000000000e+06
4.650000000000000000e+06
4.655000000000000000e+06
4.660000000000000000e+06
4.665000000000000000e+06
4.670000000000000000e+06
4.675000000000000000e+06
4.680000000000000000e+06
4.685000000000000000e+06
4.690000000000000000e+06
4.695000000000000000e+06
4.700000000000000000e+06
4.705000000000000000e+06
4.710000000000000000e+06
4.715000000000000000e+06
4.720000000000000000e+06
4.725000000000000000e+06
4.730000000000000000e+06
4.735000000000000000e+06
4.740000000000000000e+06
4.745000000000000000e+06
4.750000000000000000e+06
4.755000000000000000e+06
4.760000000000000000e+06
4.765000000000000000e+06
4.770000000000000000e+06
4.775000000000000000e+06
4.780000000000000000e+06
4.785000000000000000e+06
4.790000000000000000e+06
4.795000000000000000e+06
4.800000000000000000e+06
4.805000000000000000e+06
4.810000000000000000e+06
4.815000000000000000e+06
4.820000000000000000e+06
4.825000000000000000e+06
4.830000000000000000e+06
4.835000000000000000e+06
4.840000000000000000e+06
4.845000000000000000e+06
4.850000000000000000e+06
4.855000000000000000e+06
4.860000000000000000e+06
4.865000000000000000e+06
4.870000000000000000e+06
4.875000000000000000e+06
4.880000000000000000e+06
4.885000000000000000e+06
4.890000000000000000e+06
4.895000000000000000e+06
4.900000000000000000e+06
4.905000000000000000e+06
4.910000000000000000e+06
4.915000000000000000e+06
4.920000000000000000e+06
4.925000000000000000e+06
4.930000000000000000e+06
4.935000000000000000e+06
4.940000000000000000e+06
4.945000000000000000e+06
4.950000000000000000e+06
4.955000000000000000e+06
4.960000000000000000e+06
4.965000000000000000e+06
4.970000000000000000e+06
4.975000000000000000e+06
4.980000000000000000e+06
4.985000000000000000e+06
4.990000000000000000e+06
4.995000000000000000e+06
5.000000000000000000e+06
5.005000000000000000e+06
5.010000000000000000e+06
5.015000000000000000e+06
5.020000000000000000e+06
5.025000000000000000e+06
5.030000000000000000e+06
5.035000000000000000e+06
5.040000000000000000e+06
5.045000000000000000e+06
5.050000000000000000e+06
5.055000000000000000e+06
5.060000000000000000e+06
5.065000000000000000e+06
5.070000000000000000e+06
5.075000000000000000e+06
5.080000000000000000e+06
5.085000000000000000e+06
5.090000000000000000e+06
5.095000000000000000e+06
5.100000000000000000e+06
5.105000000000000000e+06
5.110000000000000000e+06
5.115000000000000000e+06
5.120000000000000000e+06
5.125000000000000000e+06
5.130000000000000000e+06
5.135000000000000000e+06
5.140000000000000000e+06
5.145000000000000000e+06
5.150000000000000000e+06
5.155000000000000000e+06
5.160000000000000000e+06
5.165000000000000000e+06
5.170000000000000000e+06
5.175000000000000000e+06
5.180000000000000000e+06
5.185000000000000000e+06
5.190000000000000000e+06
5.195000000000000000e+06
5.200000000000000000e+06
5.205000000000000000e+06
5.210000000000000000e+06
5.215000000000000000e+06
5.220000000000000000e+06
5.225000000000000000e+06
5.230000000000000000e+06
5.235000000000000000e+06
5.240000000000000000e+06
5.245000000000000000e+06
5.250000000000000000e+06
5.255000000000000000e+06
5.260000000000000000e+06
5.265000000000000000e+06
5.270000000000000000e+06
5.275000000000000000e+06
5.280000000000000000e+06
5.285000000000000000e+06
5.290000000000000000e+06
5.295000000000000000e+06
5.300000000000000000e+06
5.305000000000000000e+06
5.310000000000000000e+06
5.315000000000000000e+06
5.320000000000000000e+06
5.325000000000000000e+06
5.330000000000000000e+06
5.335000000000000000e+06
5.340000000000000000e+06
5.345000000000000000e+06
5.350000000000000000e+06
5.355000000000000000e+06
5.360000000000000000e+06
5.365000000000000000e+06
5.370000000000000000e+06
5.375000000000000000e+06
5.380000000000000000e+06
5.385000000000000000e+06
5.390000000000000000e+06
5.395000000000000000e+06
5.400000000000000000e+06
5.405000000000000000e+06
5.410000000000000000e+06
5.415000000000000000e+06
5.420000000000000000e+06
5.425000000000000000e+06
5.430000000000000000e+06
5.435000000000000000e+06
5.440000000000000000e+06
5.445000000000000000e+06
5.450000000000000000e+06
5.455000000000000000e+06
5.460000000000000000e+06
5.465000000000000000e+06
5.470000000000000000e+06
5.475000000000000000e+06
5.480000000000000000e+06
5.485000000000000000e+06
5.490000000000000000e+06
5.495000000000000000e+06
5.500000000000000000e+06
5.505000000000000000e+06
5.510000000000000000e+06
5.515000000000000000e+06
5.520000000000000000e+06
5.525000000000000000e+06
5.530000000000000000e+06
5.535000000000000000e+06
5.540000000000000000e+06
5.545000000000000000e+06
5.550000000000000000e+06
5.555000000000000000e+06
5.560000000000000000e+06
5.565000000000000000e+06
5.570000000000000000e+06
5.575000000000000000e+06
5.580000000000000000e+06
5.585000000000000000e+06
5.590000000000000000e+06
5.595000000000000000e+06
5.600000000000000000e+06
5.605000000000000000e+06
5.610000000000000000e+06
5.615000000000000000e+06
5.620000000000000000e+06
5.625000000000000000e+06
5.630000000000000000e+06
5.635000000000000000e+06
5.640000000000000000e+06
5.645000000000000000e+06
5.650000000000000000e+06
5.655000000000000000e+06
5.660000000000000000e+06
5.665000000000000000e+06
5.670000000000000000e+06
5.675000000000000000e+06
5.680000000000000000e+06
5.685000000000000000e+06
5.690000000000000000e+06
5.695000000000000000e+06
5.700000000000000000e+06
5.705000000000000000e+06
5.710000000000000000e+06
5.715000000000000000e+06
5.720000000000000000e+06
5.725000000000000000e+06
5.730000000000000000e+06
5.735000000000000000e+06
5.740000000000000000e+06
5.745000000000000000e+06
5.750000000000000000e+06
5.755000000000000000e+06
5.760000000000000000e+06
5.765000000000000000e+06
5.770000000000000000e+06
5.775000000000000000e+06
5.780000000000000000e+06
5.785000000000000000e+06
5.790000000000000000e+06
5.795000000000000000e+06
5.800000000000000000e+06
5.805000000000000000e+06
5.810000000000000000e+06
5.815000000000000000e+06
5.820000000000000000e+06
5.825000000000000000e+06
5.830000000000000000e+06
5.835000000000000000e+06
5.840000000000000000e+06
5.845000000000000000e+06
5.850000000000000000e+06
5.855000000000000000e+06
5.860000000000000000e+06
5.865000000000000000e+06
5.870000000000000000e+06
5.875000000000000000e+06
5.880000000000000000e+06
5.885000000000000000e+06
5.890000000000000000e+06
5.895000000000000000e+06
5.900000000000000000e+06
5.905000000000000000e+06
5.910000000000000000e+06
5.915000000000000000e+06
5.920000000000000000e+06
5.925000000000000000e+06
5.930000000000000000e+06
5.935000000000000000e+06
5.940000000000000000e+06
5.945000000000000000e+06
5.950000000000000000e+06
5.955000000000000000e+06
5.960000000000000000e+06
5.965000000000000000e+06
5.970000000000000000e+06
5.975000000000000000e+06
5.980000000000000000e+06
5.985000000000000000e+06
5.990000000000000000e+06
5.995000000000000000e+06
6.000000000000000000e+06
6.005000000000000000e+06
6.010000000000000000e+06
6.015000000000000000e+06
6.020000000000000000e+06
6.025000000000000000e+06
6.030000000000000000e+06
6.035000000000000000e+06
6.040000000000000000e+06
6.045000000000000000e+06
6.050000000000000000e+06
6.055000000000000000e+06
6.060000000000000000e+06
6.065000000000000000e+06
6.070000000000000000e+06
6.075000000000000000e+06
6.080000000000000000e+06
6.085000000000000000e+06
6.090000000000000000e+06
6.095000000000000000e+06
6.100000000000000000e+06
6.105000000000000000e+06
6.110000000000000000e+06
6.115000000000000000e+06
6.120000000000000000e+06
6.125000000000000000e+06
6.130000000000000000e+06
6.135000000000000000e+06
6.140000000000000000e+06
6.145000000000000000e+06
6.150000000000000000e+06
6.155000000000000000e+06
6.160000000000000000e+06
6.165000000000000000e+06
6.170000000000000000e+06
6.175000000000000000e+06
6.180000000000000000e+06
6.185000000000000000e+06
6.190000000000000000e+06
6.195000000000000000e+06
6.200000000000000000e+06
6.205000000000000000e+06
6.210000000000000000e+06
6.215000000000000000e+06
6.220000000000000000e+06
6.225000000000000000e+06
6.230000000000000000e+06
6.235000000000000000e+06
6.240000000000000000e+06
6.245000000000000000e+06
6.250000000000000000e+06
6.255000000000000000e+06
6.260000000000000000e+06
6.265000000000000000e+06
6.270000000000000000e+06
6.275000000000000000e+06
6.280000000000000000e+06
6.285000000000000000e+06
6.290000000000000000e+06
6.295000000000000000e+06
6.300000000000000000e+06
6.305000000000000000e+06
6.310000000000000000e+06
6.315000000000000000e+06
6.320000000000000000e+06
6.325000000000000000e+06
6.330000000000000000e+06
6.335000000000000000e+06
6.340000000000000000e+06
6.345000000000000000e+06
6.350000000000000000e+06
6.355000000000000000e+06
6.360000000000000000e+06
6.365000000000000000e+06
6.370000000000000000e+06
6.375000000000000000e+06
6.380000000000000000e+06
6.385000000000000000e+06
6.390000000000000000e+06
6.395000000000000000e+06
6.400000000000000000e+06
6.405000000000000000e+06
6.410000000000000000e+06
6.415000000000000000e+06
6.420000000000000000e+06
6.425000000000000000e+06
6.430000000000000000e+06
6.435000000000000000e+06
6.440000000000000000e+06
6.445000000000000000e+06
6.450000000000000000e+06
6.455000000000000000e+06
6.460000000000000000e+06
6.465000000000000000e+06
6.470000000000000000e+06
6.475000000000000000e+06
6.480000000000000000e+06
6.485000000000000000e+06
6.490000000000000000e+06
6.495000000000000000e+06
6.500000000000000000e+06
6.505000000000000000e+06
6.510000000000000000e+06
6.515000000000000000e+06
6.520000000000000000e+06
6.525000000000000000e+06
6.530000000000000000e+06
6.535000000000000000e+06
6.540000000000000000e+06
6.545000000000000000e+06
6.550000000000000000e+06
6.555000000000000000e+06
6.560000000000000000e+06
6.565000000000000000e+06
6.570000000000000000e+06
6.575000000000000000e+06
6.580000000000000000e+06
6.585000000000000000e+06
6.590000000000000000e+06
6.595000000000000000e+06
6.600000000000000000e+06
6.605000000000000000e+06
6.610000000000000000e+06
6.615000000000000000e+06
6.620000000000000000e+06
6.625000000000000000e+06
6.630000000000000000e+06
6.635000000000000000e+06
6.640000000000000000e+06
6.645000000000000000e+06
6.650000000000000000e+06
6.655000000000000000e+06
6.660000000000000000e+06
6.665000000000000000e+06
6.670000000000000000e+06
6.675000000000000000e+06
6.680000000000000000e+06
6.685000000000000000e+06
6.690000000000000000e+06
6.695000000000000000e+06
6.700000000000000000e+06
6.705000000000000000e+06
6.710000000000000000e+06
6.715000000000000000e+06
6.720000000000000000e+06
6.725000000000000000e+06
6.730000000000000000e+06
6.735000000000000000e+06
6.740000000000000000e+06
6.745000000000000000e+06
6.750000000000000000e+06
6.755000000000000000e+06
6.760000000000000000e+06
6.765000000000000000e+06
6.770000000000000000e+06
6.775000000000000000e+06
6.780000000000000000e+06
6.785000000000000000e+06
6.790000000000000000e+06
6.795000000000000000e+06
6.800000000000000000e+06
6.805000000000000000e+06
6.810000000000000000e+06
6.815000000000000000e+06
6.820000000000000000e+06
6.825000000000000000e+06
6.830000000000000000e+06
6.835000000000000000e+06
6.840000000000000000e+06
6.845000000000000000e+06
6.850000000000000000e+06
6.855000000000000000e+06
6.860000000000000000e+06
6.865000000000000000e+06
6.870000000000000000e+06
6.875000000000000000e+06
6.880000000000000000e+06
6.885000000000000000e+06
6.890000000000000000e+06
6.895000000000000000e+06
6.900000000000000000e+06
6.905000000000000000e+06
6.910000000000000000e+06
6.915000000000000000e+06
6.920000000000000000e+06
6.925000000000000000e+06
6.930000000000000000e+06
6.935000000000000000e+06
6.940000000000000000e+06
6.945000000000000000e+06
6.950000000000000000e+06
6.955000000000000000e+06
6.960000000000000000e+06
6.965000000000000000e+06
6.970000000000000000e+06
6.975000000000000000e+06
6.980000000000000000e+06
6.985000000000000000e+06
6.990000000000000000e+06
6.995000000000000000e+06
7.000000000000000000e+06
7.005000000000000000e+06
7.010000000000000000e+06
7.015000000000000000e+06
7.020000000000000000e+06
7.025000000000000000e+06
7.030000000000000000e+06
7.035000000000000000e+06
7.040000000000000000e+06
7.045000000000000000e+06
7.050000000000000000e+06
7.055000000000000000e+06
7.060000000000000000e+06
7.065000000000000000e+06
7.070000000000000000e+06
7.075000000000000000e+06
7.080000000000000000e+06
7.085000000000000000e+06
7.090000000000000000e+06
7.095000000000000000e+06
7.100000000000000000e+06
7.105000000000000000e+06
7.110000000000000000e+06
7.115000000000000000e+06
7.120000000000000000e+06
7.125000000000000000e+06
7.130000000000000000e+06
7.135000000000000000e+06
7.140000000000000000e+06
7.145000000000000000e+06
7.150000000000000000e+06
7.155000000000000000e+06
7.160000000000000000e+06
7.165000000000000000e+06
7.170000000000000000e+06
7.175000000000000000e+06
7.180000000000000000e+06
7.185000000000000000e+06
7.190000000000000000e+06
7.195000000000000000e+06
7.200000000000000000e+06
7.205000000000000000e+06
7.210000000000000000e+06
7.215000000000000000e+06
7.220000000000000000e+06
7.225000000000000000e+06
7.230000000000000000e+06
7.235000000000000000e+06
7.240000000000000000e+06
7.245000000000000000e+06
7.250000000000000000e+06
7.255000000000000000e+06
7.260000000000000000e+06
7.265000000000000000e+06
7.270000000000000000e+06
7.275000000000000000e+06
7.280000000000000000e+06
7.285000000000000000e+06
7.290000000000000000e+06
7.295000000000000000e+06
7.300000000000000000e+06
7.305000000000000000e+06
7.310000000000000000e+06
7.315000000000000000e+06
7.320000000000000000e+06
7.325000000000000000e+06
7.330000000000000000e+06
7.335000000000000000e+06
7.340000000000000000e+06
7.345000000000000000e+06
7.350000000000000000e+06
7.355000000000000000e+06
7.360000000000000000e+06
7.365000000000000000e+06
7.370000000000000000e+06
7.375000000000000000e+06
7.380000000000000000e+06
7.385000000000000000e+06
7.390000000000000000e+06
7.395000000000000000e+06
7.400000000000000000e+06
7.405000000000000000e+06
7.410000000000000000e+06
7.415000000000000000e+06
7.420000000000000000e+06
7.425000000000000000e+06
7.430000000000000000e+06
7.435000000000000000e+06
7.440000000000000000e+06
7.445000000000000000e+06
7.450000000000000000e+06
7.455000000000000000e+06
7.460000000000000000e+06
7.465000000000000000e+06
7.470000000000000000e+06
7.475000000000000000e+06
7.480000000000000000e+06
7.485000000000000000e+06
7.490000000000000000e+06
7.495000000000000000e+06
7.500000000000000000e+06
7.505000000000000000e+06
7.510000000000000000e+06
7.515000000000000000e+06
7.520000000000000000e+06
7.525000000000000000e+06
7.530000000000000000e+06
7.535000000000000000e+06
7.540000000000000000e+06
7.545000000000000000e+06
7.550000000000000000e+06
7.555000000000000000e+06
7.560000000000000000e+06
7.565000000000000000e+06
7.570000000000000000e+06
7.575000000000000000e+06
7.580000000000000000e+06
7.585000000000000000e+06
7.590000000000000000e+06
7.595000000000000000e+06
7.600000000000000000e+06
7.605000000000000000e+06
7.610000000000000000e+06
7.615000000000000000e+06
7.620000000000000000e+06
7.625000000000000000e+06
7.630000000000000000e+06
7.635000000000000000e+06
7.640000000000000000e+06
7.645000000000000000e+06
7.650000000000000000e+06
7.655000000000000000e+06
7.660000000000000000e+06
7.665000000000000000e+06
7.670000000000000000e+06
7.675000000000000000e+06
7.680000000000000000e+06
7.685000000000000000e+06
7.690000000000000000e+06
7.695000000000000000e+06
7.700000000000000000e+06
7.705000000000000000e+06
7.710000000000000000e+06
7.715000000000000000e+06
7.720000000000000000e+06
7.725000000000000000e+06
7.730000000000000000e+06
7.735000000000000000e+06
7.740000000000000000e+06
7.745000000000000000e+06
7.750000000000000000e+06
7.755000000000000000e+06
7.760000000000000000e+06
7.765000000000000000e+06
7.770000000000000000e+06
7.775000000000000000e+06
7.780000000000000000e+06
7.785000000000000000e+06
7.790000000000000000e+06
7.795000000000000000e+06
7.800000000000000000e+06
7.805000000000000000e+06
7.810000000000000000e+06
7.815000000000000000e+06
7.820000000000000000e+06
7.825000000000000000e+06
7.830000000000000000e+06
7.835000000000000000e+06
7.840000000000000000e+06
7.845000000000000000e+06
7.850000000000000000e+06
7.855000000000000000e+06
7.860000000000000000e+06
7.865000000000000000e+06
7.870000000000000000e+06
7.875000000000000000e+06
7.880000000000000000e+06
7.885000000000000000e+06
7.890000000000000000e+06
7.895000000000000000e+06
7.900000000000000000e+06
7.905000000000000000e+06
7.910000000000000000e+06
7.915000000000000000e+06
7.920000000000000000e+06
7.925000000000000000e+06
7.930000000000000000e+06
7.935000000000000000e+06
7.940000000000000000e+06
7.945000000000000000e+06
7.950000000000000000e+06
7.955000000000000000e+06
7.960000000000000000e+06
7.965000000000000000e+06
7.970000000000000000e+06
7.975000000000000000e+06
7.980000000000000000e+06
7.985000000000000000e+06
7.990000000000000000e+06
7.995000000000000000e+06
8.000000000000000000e+06
8.005000000000000000e+06
8.010000000000000000e+06
8.015000000000000000e+06
8.020000000000000000e+06
8.025000000000000000e+06
8.030000000000000000e+06
8.035000000000000000e+06
8.040000000000000000e+06
8.045000000000000000e+06
8.050000000000000000e+06
8.055000000000000000e+06
8.060000000000000000e+06
8.065000000000000000e+06
8.070000000000000000e+06
8.075000000000000000e+06
8.080000000000000000e+06
8.085000000000000000e+06
8.090000000000000000e+06
8.095000000000000000e+06
8.100000000000000000e+06
8.105000000000000000e+06
8.110000000000000000e+06
8.115000000000000000e+06
8.120000000000000000e+06
8.125000000000000000e+06
8.130000000000000000e+06
8.135000000000000000e+06
8.140000000000000000e+06
8.145000000000000000e+06
8.150000000000000000e+06
8.155000000000000000e+06
8.160000000000000000e+06
8.165000000000000000e+06
8.170000000000000000e+06
8.175000000000000000e+06
8.180000000000000000e+06
8.185000000000000000e+06
8.190000000000000000e+06
8.195000000000000000e+06
8.200000000000000000e+06
8.205000000000000000e+06
8.210000000000000000e+06
8.215000000000000000e+06
8.220000000000000000e+06
8.225000000000000000e+06
8.230000000000000000e+06
8.235000000000000000e+06
8.240000000000000000e+06
8.245000000000000000e+06
8.250000000000000000e+06
8.255000000000000000e+06
8.260000000000000000e+06
8.265000000000000000e+06
8.270000000000000000e+06
8.275000000000000000e+06
8.280000000000000000e+06
8.285000000000000000e+06
8.290000000000000000e+06
8.295000000000000000e+06
8.300000000000000000e+06
8.305000000000000000e+06
8.310000000000000000e+06
8.315000000000000000e+06
8.320000000000000000e+06
8.325000000000000000e+06
8.330000000000000000e+06
8.335000000000000000e+06
8.340000000000000000e+06
8.345000000000000000e+06
8.350000000000000000e+06
8.355000000000000000e+06
8.360000000000000000e+06
8.365000000000000000e+06
8.370000000000000000e+06
8.375000000000000000e+06
8.380000000000000000e+06
8.385000000000000000e+06
8.390000000000000000e+06
8.395000000000000000e+06
8.400000000000000000e+06
8.405000000000000000e+06
8.410000000000000000e+06
8.415000000000000000e+06
8.420000000000000000e+06
8.425000000000000000e+06
8.430000000000000000e+06
8.435000000000000000e+06
8.440000000000000000e+06
8.445000000000000000e+06
8.450000000000000000e+06
8.455000000000000000e+06
8.460000000000000000e+06
8.465000000000000000e+06
8.470000000000000000e+06
8.475000000000000000e+06
8.480000000000000000e+06
8.485000000000000000e+06
8.490000000000000000e+06
8.495000000000000000e+06
8.500000000000000000e+06
8.505000000000000000e+06
8.510000000000000000e+06
8.515000000000000000e+06
8.520000000000000000e+06
8.525000000000000000e+06
8.530000000000000000e+06
8.535000000000000000e+06
8.540000000000000000e+06
8.545000000000000000e+06
8.550000000000000000e+06
8.555000000000000000e+06
8.560000000000000000e+06
8.565000000000000000e+06
8.570000000000000000e+06
8.575000000000000000e+06
8.580000000000000000e+06
8.585000000000000000e+06
8.590000000000000000e+06
8.595000000000000000e+06
8.600000000000000000e+06
8.605000000000000000e+06
8.610000000000000000e+06
8.615000000000000000e+06
8.620000000000000000e+06
8.625000000000000000e+06
8.630000000000000000e+06
8.635000000000000000e+06
8.640000000000000000e+06
8.645000000000000000e+06
8.650000000000000000e+06
8.655000000000000000e+06
8.660000000000000000e+06
8.665000000000000000e+06
8.670000000000000000e+06
8.675000000000000000e+06
8.680000000000000000e+06
8.685000000000000000e+06
8.690000000000000000e+06
8.695000000000000000e+06
8.700000000000000000e+06
8.705000000000000000e+06
8.710000000000000000e+06
8.715000000000000000e+06
8.720000000000000000e+06
8.725000000000000000e+06
8.730000000000000000e+06
8.735000000000000000e+06
8.740000000000000000e+06
8.745000000000000000e+06
8.750000000000000000e+06
8.755000000000000000e+06
8.760000000000000000e+06
8.765000000000000000e+06
8.770000000000000000e+06
8.775000000000000000e+06
8.780000000000000000e+06
8.785000000000000000e+06
8.790000000000000000e+06
8.795000000000000000e+06
8.800000000000000000e+06
8.805000000000000000e+06
8.810000000000000000e+06
8.815000000000000000e+06
8.820000000000000000e+06
8.825000000000000000e+06
8.830000000000000000e+06
8.835000000000000000e+06
8.840000000000000000e+06
8.845000000000000000e+06
8.850000000000000000e+06
8.855000000000000000e+06
8.860000000000000000e+06
8.865000000000000000e+06
8.870000000000000000e+06
8.875000000000000000e+06
8.880000000000000000e+06
8.885000000000000000e+06
8.890000000000000000e+06
8.895000000000000000e+06
8.900000000000000000e+06
8.905000000000000000e+06
8.910000000000000000e+06
8.915000000000000000e+06
8.920000000000000000e+06
8.925000000000000000e+06
8.930000000000000000e+06
8.935000000000000000e+06
8.940000000000000000e+06
8.945000000000000000e+06
8.950000000000000000e+06
8.955000000000000000e+06
8.960000000000000000e+06
8.965000000000000000e+06
8.970000000000000000e+06
8.975000000000000000e+06
8.980000000000000000e+06
8.985000000000000000e+06
8.990000000000000000e+06
8.995000000000000000e+06
9.000000000000000000e+06
9.005000000000000000e+06
9.010000000000000000e+06
9.015000000000000000e+06
9.020000000000000000e+06
9.025000000000000000e+06
9.030000000000000000e+06
9.035000000000000000e+06
9.040000000000000000e+06
9.045000000000000000e+06
9.050000000000000000e+06
9.055000000000000000e+06
9.060000000000000000e+06
9.065000000000000000e+06
9.070000000000000000e+06
9.075000000000000000e+06
9.080000000000000000e+06
9.085000000000000000e+06
9.090000000000000000e+06
9.095000000000000000e+06
9.100000000000000000e+06
9.105000000000000000e+06
9.110000000000000000e+06
9.115000000000000000e+06
9.120000000000000000e+06
9.125000000000000000e+06
9.130000000000000000e+06
9.135000000000000000e+06
9.140000000000000000e+06
9.145000000000000000e+06
9.150000000000000000e+06
9.155000000000000000e+06
9.160000000000000000e+06
9.165000000000000000e+06
9.170000000000000000e+06
9.175000000000000000e+06
9.180000000000000000e+06
9.185000000000000000e+06
9.190000000000000000e+06
9.195000000000000000e+06
9.200000000000000000e+06
9.205000000000000000e+06
9.210000000000000000e+06
9.215000000000000000e+06
9.220000000000000000e+06
9.225000000000000000e+06
9.230000000000000000e+06
9.235000000000000000e+06
9.240000000000000000e+06
9.245000000000000000e+06
9.250000000000000000e+06
9.255000000000000000e+06
9.260000000000000000e+06
9.265000000000000000e+06
9.270000000000000000e+06
9.275000000000000000e+06
9.280000000000000000e+06
9.285000000000000000e+06
9.290000000000000000e+06
9.295000000000000000e+06
9.300000000000000000e+06
9.305000000000000000e+06
9.310000000000000000e+06
9.315000000000000000e+06
9.320000000000000000e+06
9.325000000000000000e+06
9.330000000000000000e+06
9.335000000000000000e+06
9.340000000000000000e+06
9.345000000000000000e+06
9.350000000000000000e+06
9.355000000000000000e+06
9.360000000000000000e+06
9.365000000000000000e+06
9.370000000000000000e+06
9.375000000000000000e+06
9.380000000000000000e+06
9.385000000000000000e+06
9.390000000000000000e+06
9.395000000000000000e+06
9.400000000000000000e+06
9.405000000000000000e+06
9.410000000000000000e+06
9.415000000000000000e+06
9.420000000000000000e+06
9.425000000000000000e+06
9.430000000000000000e+06
9.435000000000000000e+06
9.440000000000000000e+06
9.445000000000000000e+06
9.450000000000000000e+06
9.455000000000000000e+06
9.460000000000000000e+06
9.465000000000000000e+06
9.470000000000000000e+06
9.475000000000000000e+06
9.480000000000000000e+06
9.485000000000000000e+06
9.490000000000000000e+06
9.495000000000000000e+06
9.500000000000000000e+06
9.505000000000000000e+06
9.510000000000000000e+06
9.515000000000000000e+06
9.520000000000000000e+06
9.525000000000000000e+06
9.530000000000000000e+06
9.535000000000000000e+06
9.540000000000000000e+06
9.545000000000000000e+06
9.550000000000000000e+06
9.555000000000000000e+06
9.560000000000000000e+06
9.565000000000000000e+06
9.570000000000000000e+06
9.575000000000000000e+06
9.580000000000000000e+06
9.585000000000000000e+06
9.590000000000000000e+06
9.595000000000000000e+06
9.600000000000000000e+06
9.605000000000000000e+06
9.610000000000000000e+06
9.615000000000000000e+06
9.620000000000000000e+06
9.625000000000000000e+06
9.630000000000000000e+06
9.635000000000000000e+06
9.640000000000000000e+06
9.645000000000000000e+06
9.650000000000000000e+06
9.655000000000000000e+06
9.660000000000000000e+06
9.665000000000000000e+06
9.670000000000000000e+06
9.675000000000000000e+06
9.680000000000000000e+06
9.685000000000000000e+06
9.690000000000000000e+06
9.695000000000000000e+06
9.700000000000000000e+06
9.705000000000000000e+06
9.710000000000000000e+06
9.715000000000000000e+06
9.720000000000000000e+06
9.725000000000000000e+06
9.730000000000000000e+06
9.735000000000000000e+06
9.740000000000000000e+06
9.745000000000000000e+06
9.750000000000000000e+06
9.755000000000000000e+06
9.760000000000000000e+06
9.765000000000000000e+06
9.770000000000000000e+06
9.775000000000000000e+06
9.780000000000000000e+06
9.785000000000000000e+06
9.790000000000000000e+06
9.795000000000000000e+06
9.800000000000000000e+06
9.805000000000000000e+06
9.810000000000000000e+06
9.815000000000000000e+06
9.820000000000000000e+06
9.825000000000000000e+06
9.830000000000000000e+06
9.835000000000000000e+06
9.840000000000000000e+06
9.845000000000000000e+06
9.850000000000000000e+06
9.855000000000000000e+06
9.860000000000000000e+06
9.865000000000000000e+06
9.870000000000000000e+06
9.875000000000000000e+06
9.880000000000000000e+06
9.885000000000000000e+06
9.890000000000000000e+06
9.895000000000000000e+06
9.900000000000000000e+06
9.905000000000000000e+06
9.910000000000000000e+06
9.915000000000000000e+06
9.920000000000000000e+06
9.925000000000000000e+06
9.930000000000000000e+06
9.935000000000000000e+06
9.940000000000000000e+06
9.945000000000000000e+06
9.950000000000000000e+06
9.955000000000000000e+06
9.960000000000000000e+06
9.965000000000000000e+06
9.970000000000000000e+06
9.975000000000000000e+06
9.980000000000000000e+06
9.985000000000000000e+06
9.990000000000000000e+06
9.995000000000000000e+06
