2.500847282300877161e+00
5.000755567695752468e+00
7.500708213563903826e+00
1.000068449671325332e+01
1.250066457631928962e+01
1.500064727866097058e+01
1.750063209173477929e+01
2.000061856906255642e+01
2.250060651696633585e+01
2.500059573910904831e+01
2.750058608168156127e+01
3.000057899409688034e+01
3.250057362840712472e+01
3.500056864581369354e+01
3.750056399362659931e+01
4.000055964203134096e+01
4.250055556286394420e+01
4.500055171840313761e+01
4.750054840460629890e+01
5.000054527758768330e+01
5.250054230183761206e+01
5.500053943128899192e+01
5.750053666880984338e+01
6.000053400171984919e+01
6.250053141853314287e+01
6.500052892096529433e+01
6.750052650296440504e+01
7.000052415841891218e+01
7.250052188230770867e+01
7.500051967070564274e+01
7.750051752025939322e+01
8.000051542352660761e+01
8.250051338290664660e+01
8.500051139275386447e+01
8.750050944464955194e+01
9.000050753928024960e+01
9.250050567668178303e+01
9.500050385573938172e+01
9.750050207454677320e+01
1.000005003285908884e+02
1.025004986181333635e+02
1.050004969435600231e+02
1.075004953025284351e+02
1.100004943690357635e+02
1.125004936036906997e+02
1.150004928145373242e+02
1.175004919749163292e+02
1.200004910426565203e+02
1.225004900528133476e+02
1.250004892138262136e+02
1.275004883993976250e+02
1.300004876379576046e+02
1.325004868865144942e+02
1.350004861682621140e+02
1.375004854587521379e+02
1.400004847581817558e+02
1.425004840668414658e+02
1.450004833829827646e+02
1.475004827070640943e+02
1.500004820383407207e+02
1.525004813773254000e+02
1.550004807248718066e+02
1.575004800811962866e+02
1.600004794465030216e+02
1.625004788201204065e+02
1.650004782020139373e+02
1.675004775900350751e+02
1.700004769849663546e+02
1.725004763860695505e+02
1.750004758265132523e+02
1.775004753026437641e+02
1.800004747849465900e+02
1.825004742733593730e+02
1.850004737677379012e+02
1.875004732684776343e+02
1.900004727716929835e+02
1.925004722789518610e+02
1.950004718169426781e+02
1.975004713780459724e+02
2.000004709439700434e+02
2.025004705140731573e+02
2.050004700874476953e+02
2.075004696629785599e+02
2.100004692404052093e+02
2.125004688193069455e+02
2.150004684219082094e+02
2.175004680629193956e+02
2.200004677050808652e+02
2.225004674007159053e+02
2.250004671502805991e+02
2.275004668988492256e+02
2.300004666467794721e+02
2.325004664014938385e+02
2.350004661555036876e+02
2.375004659088662322e+02
2.400004656616563068e+02
2.425004654139918898e+02
2.450004651660251511e+02
2.475004649178935665e+02
2.500004646697011879e+02
2.525004644215314329e+02
2.550004641734604434e+02
2.575004639255638494e+02
2.600004636779199814e+02
2.625004634306123990e+02
2.650004631837310853e+02
2.675004629373734133e+02
2.700004626916476695e+02
2.725004624466590144e+02
2.750004622024858350e+02
2.775004619591837240e+02
2.800004617167936090e+02
2.825004614753445935e+02
2.850004612348514001e+02
2.875004609953049339e+02
2.900004607566544905e+02
2.925004605187768334e+02
2.950004602814241821e+02
2.975004600441476441e+02
3.000004598061776164e+02
3.025004595666562182e+02
3.050004593227091618e+02
3.075004590704267571e+02
3.100004588041691704e+02
3.125004585156116264e+02
3.150004581803341352e+02
3.175004578597865930e+02
3.200004575629156989e+02
3.225004572193212198e+02
3.250004567831600184e+02
3.275004564130842937e+02
3.300004560411098851e+02
3.325004555469936918e+02
3.350004551025690489e+02
3.375004548295290761e+02
3.400004547155465957e+02
3.425004546072249809e+02
3.450004544936192019e+02
3.475004543732744082e+02
3.500004542738751638e+02
3.525004541718853375e+02
3.550004540635522403e+02
3.575004539756051827e+02
3.600004538864235997e+02
3.625004538037658222e+02
3.650004537276371366e+02
3.675004536452003094e+02
3.700004535554330118e+02
3.725004534590571552e+02
3.750004533636503652e+02
3.775004532729180937e+02
3.800004531770620133e+02
3.825004530843295925e+02
3.850004529943912530e+02
3.875004528980963414e+02
3.900004527956456855e+02
3.925004526868849553e+02
3.950004525718825334e+02
3.975004524507076553e+02
4.000004523293659418e+02
4.025004522126755546e+02
4.050004520905335994e+02
4.075004519632051370e+02
4.100004518309207810e+02
4.125004516933514651e+02
4.150004515508659892e+02
4.175004514035340435e+02
4.200004512515185979e+02
4.225004511044892865e+02
4.250004509553954222e+02
4.275004508029348358e+02
4.300004506468836212e+02
4.325004504871773747e+02
4.350004503238330926e+02
4.375004501569202944e+02
4.400004499944002987e+02
4.425004498305746665e+02
4.450004496634236375e+02
4.475004494930432770e+02
4.500004493196251474e+02
4.525004491493741625e+02
4.550004489761140007e+02
4.575004488002240350e+02
4.600004486241799668e+02
4.625004484453384634e+02
4.650004482638130412e+02
4.675004480797134647e+02
4.700004478931326162e+02
4.725004477041534869e+02
4.750004475128525883e+02
4.775004473193013723e+02
4.800004471235671417e+02
4.825004469257521578e+02
4.850004467264579375e+02
4.875004465353918590e+02
4.900004463426576535e+02
4.925004461483200089e+02
4.950004459527161771e+02
4.975004457558126205e+02
5.000004455575382281e+02
5.025004453578420112e+02
5.050004451566979355e+02
5.075004449540990663e+02
5.100004447500528499e+02
5.125004445445794090e+02
5.150004443377175676e+02
5.175004441295264996e+02
5.200004439200652087e+02
5.225004437093873548e+02
5.250004434975418235e+02
5.275004432853215803e+02
5.300004430725567772e+02
5.325004428587923258e+02
5.350004426440447105e+02
5.375004424284845754e+02
5.400004422121301104e+02
5.425004419949730163e+02
5.450004417770131795e+02
5.475004415582643560e+02
5.500004413387530349e+02
5.525004411175992800e+02
5.550004408951970163e+02
5.575004406717936263e+02
5.600004404474461808e+02
5.625004402221793498e+02
5.650004399960962473e+02
5.675004397693135161e+02
5.700004395419402954e+02
5.725004393140704906e+02
5.750004390857716317e+02
5.775004388571288700e+02
5.800004386282120095e+02
5.825004383990806218e+02
5.850004381697907547e+02
5.875004379403976600e+02
5.900004377109496545e+02
5.925004374815018764e+02
5.950004372521134428e+02
5.975004370218854319e+02
6.000004367910516976e+02
6.025004365606648662e+02
6.050004363308314623e+02
6.075004361015226095e+02
6.100004358765111192e+02
6.125004356568392723e+02
6.150004354372537136e+02
6.175004352177768396e+02
6.200004349984360488e+02
6.225004347792756789e+02
6.250004345603483671e+02
6.275004343417091377e+02
6.300004341234111962e+02
6.325004339055035416e+02
6.350004336880309666e+02
6.375004334710318972e+02
6.400004332545391890e+02
6.425004330385801268e+02
6.450004328231797217e+02
6.475004326083627575e+02
6.500004323941556095e+02
6.525004321805862446e+02
6.550004319676835394e+02
6.575004317554768249e+02
6.600004315439941820e+02
6.625004313332538004e+02
6.650004311232598866e+02
6.675004309140230134e+02
6.700004307055608024e+02
6.725004304978954224e+02
6.750004302909850367e+02
6.775004300847559762e+02
6.800004298792606505e+02
6.825004296745713646e+02
6.850004294707462122e+02
6.875004292678263482e+02
6.900004290650521170e+02
6.925004288625602840e+02
6.950004286609071187e+02
6.975004284602744065e+02
7.000004282607224013e+02
7.025004280622732722e+02
7.050004278649380467e+02
7.075004276687245692e+02
7.100004274736401157e+02
7.125004272796898022e+02
7.150004270868709000e+02
7.175004268951174708e+02
7.200004267043688060e+02
7.225004265145983027e+02
7.250004263257982302e+02
7.275004261379713171e+02
7.300004259511221107e+02
7.325004257652085471e+02
7.350004255799177599e+02
7.375004253953072748e+02
7.400004252114981682e+02
7.425004250285890066e+02
7.450004248466533454e+02
7.475004246657452995e+02
7.500004244858974971e+02
7.525004243071113024e+02
7.550004241293767109e+02
7.575004239526807623e+02
7.600004237769838937e+02
7.625004236022169835e+02
7.650004234283669575e+02
7.675004232554497321e+02
7.700004230834898635e+02
7.725004229125056554e+02
7.750004227425110912e+02
7.775004225735145837e+02
7.800004224055194300e+02
7.825004222385256298e+02
7.850004220725187452e+02
7.875004219115354545e+02
7.900004217551461352e+02
7.925004215998764039e+02
7.950004214457202352e+02
7.975004212926718310e+02
8.000004211407251660e+02
8.025004209898746694e+02
8.050004208401140886e+02
8.075004206914361475e+02
8.100004205438344798e+02
8.125004203973052199e+02
8.150004202518463217e+02
8.175004201074573302e+02
8.200004199645202334e+02
8.225004198231812325e+02
8.250004196845053457e+02
8.275004195469771275e+02
8.300004194111879769e+02
8.325004192776555101e+02
8.350004191444605794e+02
8.375004190109611955e+02
8.400004188756071244e+02
8.425004187382429564e+02
8.450004186025952322e+02
8.475004184618775298e+02
8.500004183254378631e+02
8.525004181863197346e+02
8.550004180480772220e+02
8.575004179015138561e+02
8.600004177370631169e+02
8.625004175354333711e+02
8.650004173506340521e+02
8.675004170920403794e+02
8.700004167031066800e+02
8.725004163522906993e+02
8.750004158304678867e+02
8.775004153218462761e+02
8.800004146138443275e+02
8.825004137955138503e+02
8.850004128121469194e+02
8.875004113609873002e+02
8.900004096017468100e+02
8.925004075881342942e+02
8.950004047640011322e+02
8.975004045656437484e+02
9.000004045617553174e+02
9.025004045580154752e+02
9.050004045553789638e+02
9.075004045524681260e+02
9.100004045492114528e+02
9.125004045463390412e+02
9.150004045437283366e+02
9.175004045405646593e+02
9.200004045365753882e+02
9.225004045326486448e+02
9.250004045275780982e+02
9.275004045209299193e+02
9.300004045131396424e+02
9.325004045036583875e+02
9.350004044906593208e+02
9.375004044744621297e+02
9.400004044566389894e+02
9.425004044327844213e+02
9.450004044004015213e+02
9.475004043684770068e+02
9.500004043280504220e+02
9.525004042741813919e+02
9.550004042134719384e+02
9.575004041481839749e+02
9.600004040613047209e+02
9.625004039453807536e+02
9.650004038124494627e+02
9.675004036507172032e+02
9.700004034290213895e+02
9.725004031228031636e+02
9.750004026983178846e+02
9.775004021097145142e+02
9.800004012953921801e+02
9.825004001735189831e+02
9.850003986365886703e+02
9.875003965448888721e+02
9.900003937187722158e+02
9.925003899296331156e+02
9.950003852650982026e+02
9.975003849770009765e+02
1.000000384676269732e+03
1.002500384251273204e+03
1.005000383837083405e+03
1.007500383246598744e+03
1.010000382416950515e+03
1.012500381266128329e+03
1.015000379993968181e+03
1.017500378382958729e+03
1.020000376270504717e+03
1.022500373477494122e+03
1.025000369796020550e+03
1.027500364985453871e+03
1.030000363394455462e+03
1.032500362262588624e+03
1.035000360694456504e+03
1.037500358540519755e+03
1.040000355606473249e+03
1.042500352190963667e+03
1.045000347889316799e+03
1.047500342293125868e+03
1.050000335043779842e+03
1.052500325618267425e+03
1.055000313467443448e+03
1.057500297930786928e+03
1.060000278203420976e+03
1.062500253319047943e+03
1.065000222127231154e+03
1.067500183267167813e+03
1.070000139213793091e+03
1.072500086057626731e+03
1.075000021479416091e+03
1.077499943327476103e+03
1.079999849113072742e+03
1.082499735972332701e+03
1.084999600617954002e+03
1.087499439261706584e+03
1.089999247632933475e+03
1.092499020723495732e+03
1.094998752829416389e+03
1.097498437179315715e+03
1.099998066297921014e+03
1.102497632679148637e+03
1.104997127777909554e+03
1.107496542076933338e+03
1.109995865053521584e+03
1.112495085121534657e+03
1.114994189563804184e+03
1.117493164459007403e+03
1.119991994604342153e+03
1.122490663434542284e+03
1.124989152937452445e+03
1.127487443566586535e+03
1.129985514152562473e+03
1.132483341816747952e+03
1.134980901890590303e+03
1.137478167842558378e+03
1.139975111211914509e+03
1.142471701546262693e+03
1.144967906339515139e+03
1.147463690967988896e+03
1.149959018622716485e+03
1.152453850234342099e+03
1.154948300086235122e+03
1.157443371354375586e+03
1.159938037603707244e+03
1.162432271846706726e+03
1.164926045563440766e+03
1.167419329210732485e+03
1.169912089237296186e+03
1.172404295449670826e+03
1.174895884810539428e+03
1.177386830343391466e+03
1.179877085933528861e+03
1.182366611470536554e+03
1.184855369781168974e+03
1.187343313956830798e+03
1.189830399151375332e+03
1.192316578959395201e+03
1.194801804372370952e+03
1.197286024310892117e+03
1.199769186358521210e+03
1.202251644145962018e+03
1.204733674095807828e+03
1.207214598636094479e+03
1.209694364695934382e+03
1.212172917824370415e+03
1.214650201756664728e+03
1.217126158432209195e+03
1.219600727252913657e+03
1.222073846649323968e+03
1.224545454303374754e+03
1.227015474377560395e+03
1.229483848808677976e+03
1.231950508786835371e+03
1.234415318154492752e+03
1.236878258306237740e+03
1.239339208298634730e+03
1.241798057192822398e+03
1.244254807921793827e+03
1.246709289371421846e+03
1.249161414860779814e+03
1.251611106402426003e+03
1.254058291738767366e+03
1.256502861690564941e+03
1.258944723555196560e+03
1.261383785184352746e+03
1.263819948961071077e+03
1.266253114515399830e+03
1.268683181841418673e+03
1.271110392101147909e+03
1.273537701720077166e+03
1.275961877098983678e+03
1.278382822598301345e+03
1.280800440903949493e+03
1.283214633356920331e+03
1.285625297761020192e+03
1.288032333943027879e+03
1.290435642875031817e+03
1.292835122526449140e+03
1.295230634789227906e+03
1.297622107232014287e+03
1.300009435871312007e+03
1.302392511352962629e+03
1.304771011798346535e+03
1.307145017505775513e+03
1.309514461863702763e+03
1.311879220208383913e+03
1.314238943160544977e+03
1.316593499117632064e+03
1.318942858186688909e+03
1.321287136139880658e+03
1.323625895131163134e+03
1.325959002910258960e+03
1.328286371892533225e+03
1.330607936644864594e+03
1.332923517650943040e+03
1.335232994740007598e+03
1.337536253964513890e+03
1.339833170511022445e+03
1.342123615214515439e+03
1.344407464851618442e+03
1.346684593173427857e+03
1.348956370658659580e+03
1.351229943938873248e+03
1.353496926034565831e+03
1.355757204911285726e+03
1.358010667517844922e+03
1.360257199890526635e+03
1.362496687597384380e+03
1.364729010385913625e+03
1.366954056527293233e+03
1.369171719964754629e+03
1.371381886032192824e+03
1.373584352995603467e+03
1.375779099404515591e+03
1.377966018573893280e+03
1.380144991524114630e+03
1.382315353097751768e+03
1.384477494861902414e+03
1.386631415280193778e+03
1.388776961644834955e+03
1.390913706801941544e+03
1.393041132534612416e+03
1.395159394746405951e+03
1.397268471591422440e+03
1.399368740263569407e+03
1.401459335767672883e+03
1.403540106493835765e+03
1.405611002739255127e+03
1.407672039475351994e+03
1.409722969547721505e+03
1.411763676827457630e+03
1.413794040444482334e+03
1.415813933648997136e+03
1.417823232810064383e+03
1.419821818714004621e+03
1.421809574636575462e+03
1.423788307956324616e+03
1.425777187463947257e+03
1.427755701582668053e+03
1.429723751261832604e+03
1.431681239150394958e+03
1.433628070478444897e+03
1.435564149281442042e+03
1.437489388066715037e+03
1.439403691585177967e+03
1.441306977352933700e+03
1.443199181851555977e+03
1.445080045433818668e+03
1.446949662477628408e+03
1.448807957783345501e+03
1.450654832522758625e+03
1.452489113696627328e+03
1.454311719357863240e+03
1.456122783608260306e+03
1.457922142318149554e+03
1.459708820175370192e+03
1.461482289799293767e+03
1.463242964503694566e+03
1.464991863618448406e+03
1.466727413096871487e+03
1.468449494667567933e+03
1.470158171748837049e+03
1.471853605906030680e+03
1.473535484230370002e+03
1.475203689617598229e+03
1.476858125241091329e+03
1.478498699902784892e+03
1.480125326611235096e+03
1.481737922588092943e+03
1.483336408855654099e+03
1.484931196001578201e+03
1.486544305261235877e+03
1.488144104085414256e+03
1.489730526940855725e+03
1.491303511063781571e+03
1.492862996185351449e+03
1.494408924317056062e+03
1.495941239719709756e+03
1.497459892362345499e+03
1.498964827795969995e+03
1.500456043770185488e+03
1.501933254247406012e+03
1.503396724697699938e+03
1.504846440218226462e+03
1.506280707648301359e+03
1.507701004645115290e+03
1.509107643659504447e+03
1.510500463937924224e+03
1.511877672628913842e+03
1.513238957133181884e+03
1.514585032431435593e+03
1.515917549581259436e+03
1.517234186064397591e+03
1.518534877782442209e+03
1.519819839024217345e+03
1.521089430331039011e+03
1.522343281975536001e+03
1.523581308130534126e+03
1.524803416945277377e+03
1.526009552161966894e+03
1.527199671467942380e+03
1.528373742555102581e+03
1.529575940959457284e+03
1.530785884711631752e+03
1.531980812811175838e+03
1.533160690968956487e+03
1.534325499645068248e+03
1.535475234690485649e+03
1.536609904904404402e+03
1.537729528576910297e+03
1.538834129534355725e+03
1.539923775608158167e+03
1.540998101313124380e+03
1.542057583361813386e+03
1.543100196482959063e+03
1.544127827644115314e+03
1.545140978271580252e+03
1.546139492171825623e+03
1.547121689604188759e+03
1.548086159804618546e+03
1.549034106647184899e+03
1.549965966992523818e+03
1.550883852632430944e+03
1.551784652579854310e+03
1.552668283673770247e+03
1.553535069099865041e+03
1.554385508357062236e+03
1.555219118620144400e+03
1.556035797045244408e+03
1.556835442511716110e+03
1.557618012037420613e+03
1.558417349634473567e+03
1.559255959921953718e+03
1.560078623224122566e+03
1.560885342943692649e+03
1.561676134218362904e+03
1.562451020629725917e+03
1.563210032730643661e+03
1.563953208272365373e+03
1.564680592992292304e+03
1.565392257696022398e+03
1.566087770963499224e+03
1.566767788078095691e+03
1.567429403193690860e+03
1.568075451922407638e+03
1.568706623328161641e+03
1.569322760809957799e+03
1.569921119736832225e+03
1.570500935638754527e+03
1.571063625221922848e+03
1.571609753033148536e+03
1.572139644488786644e+03
1.572655656142408588e+03
1.573154268188236529e+03
1.573635416221512287e+03
1.574099563544355306e+03
1.574547419949587493e+03
1.574978499353094321e+03
1.575392850507803814e+03
1.575794102864995239e+03
1.576284648163652264e+03
1.576759427898969761e+03
1.577218431571585597e+03
1.577661719223882301e+03
1.578089393935451199e+03
1.578501564126951962e+03
1.578898317131418025e+03
1.579279708668251487e+03
1.579645721119466543e+03
1.579995756436949478e+03
1.580327193745443537e+03
1.580643053183346865e+03
1.580944124817011925e+03
1.581230174856058056e+03
1.581501048367436624e+03
1.581753478135080513e+03
1.581986802421011362e+03
1.582202694697164588e+03
1.582401854212232138e+03
1.582584700106073797e+03
1.582751534225809110e+03
1.582905228036600647e+03
1.583041598881756727e+03
1.583160536278988275e+03
1.583262751392677956e+03
1.583348571602195761e+03
1.583418775292622740e+03
1.583472790443065151e+03
1.583614582463394981e+03
1.583755919978673319e+03
1.583881533281611382e+03
1.583991292696006667e+03
1.584085056394764706e+03
1.584162684636562972e+03
1.584224039385095011e+03
1.584268973807506882e+03
1.584296672000684794e+03
1.584307765451050955e+03
1.584302219330614435e+03
1.584275612129544925e+03
1.584231858774969169e+03
1.584171770908159715e+03
1.584094974272433092e+03
1.584001184403716479e+03
1.583890205545717663e+03
1.583761887412267242e+03
1.583612755995219914e+03
1.583442912474036120e+03
1.583253777729751164e+03
1.583045854380880201e+03
1.582819391940548257e+03
1.582574543614054846e+03
1.582311418806482607e+03
1.582033740092572316e+03
1.581736176642337796e+03
1.581418434756446686e+03
1.581081187936280685e+03
1.580724895238657155e+03
1.580349870434773493e+03
1.579956228651702304e+03
1.579544668804866433e+03
1.579114357190018154e+03
1.578665361303640793e+03
1.578197880802047848e+03
1.577712107252099031e+03
1.577208110981323898e+03
1.576685920067803863e+03
1.576145640990907623e+03
1.575587356606090907e+03
1.575011161417849735e+03
1.574417156393107234e+03
1.573805448846706668e+03
1.573176151353239447e+03
1.572529381265803522e+03
1.571865260214280397e+03
1.571183913630517509e+03
1.570485470238768585e+03
1.569770061451341689e+03
1.569037820618607839e+03
1.568288882131656010e+03
1.567523380460660974e+03
1.566741449270394696e+03
1.565943571963846125e+03
1.565144925021282688e+03
1.564328864007960874e+03
1.563495560573596777e+03
1.562645184269463925e+03
1.561777903423231464e+03
1.560893886247797354e+03
1.559993302106167903e+03
1.559076322868052102e+03
1.558143124277498373e+03
1.557193887226545939e+03
1.556228798821790861e+03
1.555248053144525784e+03
1.554251851629836892e+03
1.553240403031165670e+03
1.552213923008479014e+03
1.551172633460477755e+03
1.550116761765383217e+03
1.549046540081321155e+03
1.547962204806490263e+03
1.546863996239983180e+03
1.545752158434424928e+03
1.544626939197979254e+03
1.543488590185998419e+03
1.542337367019664953e+03
1.541173529377247405e+03
1.539997341018878160e+03
1.538809069723266475e+03
1.537608987129194702e+03
1.536397368479006445e+03
1.535174492252970595e+03
1.533940639675399780e+03
1.532696094085733876e+03
1.531441140201584176e+03
1.530176063335409708e+03
1.528901148641602049e+03
1.527616680460761245e+03
1.526322941800733361e+03
1.525020213962478238e+03
1.523708776293719211e+03
1.522388906039493349e+03
1.521060878255522994e+03
1.519724965754221330e+03
1.518381439060248340e+03
1.517030566359840122e+03
1.515672613432496064e+03
1.514307843546921504e+03
1.512936517279674035e+03
1.511558892191279028e+03
1.510175222291089995e+03
1.508785757251027917e+03
1.507390741399127137e+03
1.505990412659393087e+03
1.504585001710167944e+03
1.503174731565741013e+03
1.501759817579699757e+03
1.500340467745801107e+03
1.498916883217481654e+03
1.497489259026140189e+03
1.496057784931431115e+03
1.494622646276593741e+03
1.493184024768047948e+03
1.491742099213730398e+03
1.490297046318456751e+03
1.488849041594646678e+03
1.487398260353985052e+03
1.485944878675527889e+03
1.484489074230674532e+03
1.483031026874214604e+03
1.481570918957749200e+03
1.480108935367001777e+03
1.478645263317794843e+03
1.477180091964299436e+03
1.475713611879119298e+03
1.474246014461270079e+03
1.472777491319089449e+03
1.471308233664199633e+03
1.469838431742317653e+03
1.468368274318176418e+03
1.466897948225176606e+03
1.465427637985199681e+03
1.463957525499744406e+03
1.462487789809908918e+03
1.461018606919723879e+03
1.459550149675153989e+03
1.458082587689874799e+03
1.456616087308689657e+03
1.455150811599979761e+03
1.453686920369612608e+03
1.452224570189985343e+03
1.450763914439135078e+03
1.449305103345896896e+03
1.447848284037691883e+03
1.446393600587635319e+03
1.445048994038662840e+03
1.444785781177949730e+03
1.444525102213055789e+03
1.444266960166430408e+03
1.444011360876707386e+03
1.443758313519682360e+03
1.443507830938652660e+03
1.443259929793774290e+03
1.443014630551333539e+03
1.442771957327365271e+03
1.442531937564586315e+03
1.442294601480372421e+03
1.442059981236566955e+03
1.441828109867892863e+03
1.441599020110487800e+03
1.441372743327419585e+03
1.441149308708268563e+03
1.440928742842802194e+03
1.440711069673953034e+03
1.440496310758711616e+03
1.440284485724717797e+03
1.440075612804254433e+03
1.439869709343731529e+03
1.439666792210922949e+03
1.439466878048270246e+03
1.439269983352282907e+03
1.439076124393636292e+03
1.438885317015133069e+03
1.438697576343657374e+03
1.438512916434996441e+03
1.438331349859420243e+03
1.438152887248318166e+03
1.437977536852637968e+03
1.437805304189109847e+03
1.437636191850665909e+03
1.437470199531883281e+03
1.437307324282124000e+03
1.437147560963515389e+03
1.436990902866524266e+03
1.436837342423931659e+03
1.436686871961853058e+03
1.436539484430609946e+03
1.436395174065859919e+03
1.436253936939248206e+03
1.436115771365621868e+03
1.435980678139639622e+03
1.435848660581302966e+03
1.435719724384548044e+03
1.435593877290602222e+03
1.435471128643144084e+03
1.435351488909459476e+03
1.435234969247672552e+03
1.435121581152471208e+03
1.435011336141570155e+03
1.434904245373333879e+03
1.434800319062625931e+03
1.434699565644092218e+03
1.434601990819234970e+03
1.434507596791369224e+03
1.434416382001936427e+03
1.434328341519623791e+03
1.434243468011354707e+03
1.434161753062590833e+03
1.434083188557559197e+03
1.434007767850004029e+03
1.433935486516555329e+03
1.433866342590850081e+03
1.433800336321358827e+03
1.433737469595399716e+03
1.433677745176631788e+03
1.433621165918291581e+03
1.433567734190496822e+03
1.433517451763693543e+03
1.433470320234259589e+03
1.433426341865385893e+03
1.433385520572609721e+03
1.433347862744288022e+03
1.433313377635208326e+03
1.433282077185584285e+03
1.433253975277033533e+03
1.433229086589629333e+03
1.433207425306748064e+03
1.433189003915875901e+03
1.433173832302818255e+03
1.433161917255504704e+03
1.433153262400828226e+03
1.433147868517924053e+03
1.433145734121801524e+03
1.433146856195791770e+03
1.433151230961662122e+03
1.433158854600058248e+03
1.433169723860505883e+03
1.433183836523415721e+03
1.433201191694106910e+03
1.433221789918953618e+03
1.433245633115081318e+03
1.433272724301236167e+03
1.433303067123373239e+03
1.433336665201250753e+03
1.433373521379932527e+03
1.433413637022970079e+03
1.433457011495743700e+03
1.433503641945663730e+03
1.433553523410879734e+03
1.433606649214596928e+03
1.433663011552669104e+03
1.433722602164629279e+03
1.433785412986326264e+03
1.433851436704871048e+03
1.433920667164254382e+03
1.433993099597073069e+03
1.434068730681592342e+03
1.434147558442502032e+03
1.434229582027216111e+03
1.434314801396704752e+03
1.434403216970804124e+03
1.434494829263810743e+03
1.434589638538694771e+03
1.434687644499318139e+03
1.434788846031204457e+03
1.434893240993774953e+03
1.435000826061199859e+03
1.435111596605312798e+03
1.435225546612278549e+03
1.435342668624526596e+03
1.435462953700422077e+03
1.435586391385819525e+03
1.435712969693682680e+03
1.435842675089982322e+03
1.435975492485701125e+03
1.436111405235711572e+03
1.436250395145530319e+03
1.436392442487104518e+03
1.436537526027795138e+03
1.436685623090104400e+03
1.436836709677883164e+03
1.436990760696606912e+03
1.437147750249898309e+03
1.437307651948429339e+03
1.437470439155484428e+03
1.437636085116229879e+03
1.437804562954785752e+03
1.437975845555686874e+03
1.438149905366020221e+03
1.438326714161841892e+03
1.438506242820770240e+03
1.438688461135256603e+03
1.438873337692067935e+03
1.439060839834312219e+03
1.439250933708952061e+03
1.439443584384531277e+03
1.439638756008198015e+03
1.439836411965860407e+03
1.440036515015841815e+03
1.440239027380452626e+03
1.440443910795289412e+03
1.440651126527633551e+03
1.440860635380451868e+03
1.441072397697467068e+03
1.441286373379707584e+03
1.441502521917627064e+03
1.441720802437392422e+03
1.441941173756640865e+03
1.442163594444407181e+03
1.442388022882417999e+03
1.442614417330434435e+03
1.442842736004540711e+03
1.443072937179772453e+03
1.443304979324262831e+03
1.443538821262733336e+03
1.443774422357178082e+03
1.444011742686607931e+03
1.444250743210041946e+03
1.444491385910775080e+03
1.444733633939865740e+03
1.444977451786228585e+03
1.445222805487650703e+03
1.445469662868860723e+03
1.445717993769000259e+03
1.445967770224544211e+03
1.446218966638991787e+03
1.446471560065076801e+03
1.446725530696293163e+03
1.446980862463137782e+03
1.447237543447426788e+03
1.447495565848495517e+03
1.447754925415129946e+03
1.448015620446070898e+03
1.448277650559626181e+03
1.448541015430928155e+03
1.448805713638688076e+03
1.449071741699058748e+03
1.449339093317624247e+03
1.449607758870994530e+03
1.449877725140833036e+03
1.450148975345672625e+03
1.450421489499399513e+03
1.450695245043674504e+03
1.450970217616111313e+03
1.451246381828405674e+03
1.451523712023526286e+03
1.451802183008419661e+03
1.452081770645667120e+03
1.452362452061636304e+03
1.452644205242501357e+03
1.452927007951179348e+03
1.453210836114529229e+03
1.453495661978840644e+03
1.453781452313375894e+03
1.454068166767200864e+03
1.454355756311795403e+03
1.454644161683810125e+03
1.454933311867580642e+03
1.455223122778290644e+03
1.455513496299549161e+03
1.455804319683936910e+03
1.456095465128390288e+03
1.456386789197891858e+03
1.456678131765374474e+03
1.456969314269551205e+03
1.457260137302891735e+03
1.457550377738649559e+03
1.457839785723401519e+03
1.458128081883485947e+03
1.458414955040964969e+03
1.458700060642172048e+03
1.458983020000426450e+03
1.459263420364309695e+03
1.459540815753858169e+03
1.459814728461963114e+03
1.460084651095839490e+03
1.460350049029758793e+03
1.460610363150052308e+03
1.460865012791075969e+03
1.461113398781630167e+03
1.461354906541750324e+03
1.461588909187340050e+03
1.461814770612746997e+03
1.462031848527474040e+03
1.462239497422289105e+03
1.462437071433965230e+03
1.462623927071079379e+03
1.462799425761138991e+03
1.462962936185593890e+03
1.463113836384112119e+03
1.463251515628812740e+03
1.463375376086768483e+03
1.463484834300346620e+03
1.463579322519014113e+03
1.463658289915261548e+03
1.463721203713819250e+03
1.463767550258573010e+03
1.463796836035613978e+03
1.463808588663402816e+03
1.463802357852162004e+03
1.463777716324587118e+03
1.463734260678922510e+03
1.463671612163687996e+03
1.463589417323384168e+03
1.463487348470846655e+03
1.463365103947503940e+03
1.463222408146980115e+03
1.463059011298782252e+03
1.462874689035967094e+03
1.462669241799717383e+03
1.462442494156757448e+03
1.462194294114002332e+03
1.461924512504719132e+03
1.461633042494582241e+03
1.461319799223056407e+03
1.460984719565787827e+03
1.460627761983519349e+03
1.460248906414145040e+03
1.459848154167327266e+03
1.459425527794562413e+03
1.458981070926064831e+03
1.458514848080589900e+03
1.458026944459307970e+03
1.457517465730012873e+03
1.456986537796785797e+03
1.456434306535544010e+03
1.455860937459864545e+03
1.455266615267612906e+03
1.454651543211512944e+03
1.454015942242182064e+03
1.453360049901475804e+03
1.452684119000784676e+03
1.451988416182392484e+03
1.451273220496589147e+03
1.450538822113004017e+03
1.449785521229785672e+03
1.449013627173257191e+03
1.448223457619421879e+03
1.447415337839163840e+03
1.446589599882700441e+03
1.445746581668652198e+03
1.444886626004047685e+03
1.444010079605681995e+03
1.443117292205856302e+03
1.442208615809658795e+03
1.441284404139684966e+03
1.440345012269942117e+03
1.439390796418294258e+03
1.438422113837866164e+03
1.437439322734758434e+03
1.436442782157687589e+03
1.435432851847049960e+03
1.434409892066258635e+03
1.433374263443295831e+03
1.432326326826707827e+03
1.431266443128986793e+03
1.430194973115743096e+03
1.429112277112229094e+03
1.428018714631026796e+03
1.426914643955988367e+03
1.425800421731446249e+03
1.424676402598732693e+03
1.423542938901550770e+03
1.422400380458601148e+03
1.421249074384244295e+03
1.420089364929258409e+03
1.418921593313445783e+03
1.417746097527468692e+03
1.416563212089901072e+03
1.415373267754672042e+03
1.414176591172175904e+03
1.412973504513505304e+03
1.411764325071259918e+03
1.410549364852332246e+03
1.409328930178325436e+03
1.408103321308229852e+03
1.406872832096100410e+03
1.405637749694072681e+03
1.404398354308445278e+03
1.403154919013869858e+03
1.401907709628064140e+03
1.400656984646551791e+03
1.399402995232776675e+03
1.398145985252981063e+03
1.396886191340260211e+03
1.395623842973237288e+03
1.394359162563072687e+03
1.393092365553500258e+03
1.391823660546242081e+03
1.390553249465315503e+03
1.389281327769159816e+03
1.388008084711965239e+03
1.386733703648129449e+03
1.385458362368334747e+03
1.384182233453097524e+03
1.382905484629603961e+03
1.381628279119517174e+03
1.380350775968416201e+03
1.379073130350839847e+03
1.377795493848030219e+03
1.376518014698021034e+03
1.375240838019560897e+03
1.373964106012486809e+03
1.372687958137667920e+03
1.371412531279688210e+03
1.370137959895205768e+03
1.368864376149554118e+03
1.367591910043755206e+03
1.366320689533720042e+03
1.365050840643043102e+03
1.363782487570403646e+03
1.362515752792168769e+03
1.361250757160327339e+03
1.359987619995417162e+03
1.358726459173675494e+03
1.357467391207352875e+03
1.356210531316998868e+03
1.354955993494626682e+03
1.353703890556922715e+03
1.352454334188085340e+03
1.351207434972316605e+03
1.349963302416403849e+03
1.348722044963129974e+03
1.347483769996392539e+03
1.346248583838878631e+03
1.345016591742893070e+03
1.343787897874532291e+03
1.342562605290804413e+03
1.341340815908590457e+03
1.340122630463588621e+03
1.338908148456665685e+03
1.337697468084507136e+03
1.336490686151269983e+03
1.335287897958260146e+03
1.334089197169587578e+03
1.332894675653296417e+03
1.331704423299497876e+03
1.330518527819257088e+03
1.329337074530087193e+03
1.328160146135566265e+03
1.326987822507593592e+03
1.325820180480091722e+03
1.324657293662596430e+03
1.323499232281291142e+03
1.322346063053801345e+03
1.321197849102576129e+03
1.320054649910043963e+03
1.318916521316983562e+03
1.317783515563721494e+03
1.316655681371931905e+03
1.315533064063043184e+03
1.314415705707723419e+03
1.313303645299770778e+03
1.312196918947146514e+03
1.311095560072939406e+03
1.309999599619705577e+03
1.308909066251759441e+03
1.307823986551398093e+03
1.306744385206483457e+03
1.305670285188091157e+03
1.304601707917941212e+03
1.303538673425974594e+03
1.302481200498775024e+03
1.301429306819588874e+03
1.300383009100593881e+03
1.299342323207865775e+03
1.298307264279297442e+03
1.297277846835541141e+03
1.296254084883889163e+03
1.295235992014827843e+03
1.294737688230319236e+03
1.295363657031230559e+03
1.295978492941756713e+03
1.296585477583821330e+03
1.297185447928480926e+03
1.297778326393104862e+03
1.298364080772269290e+03
1.298942727566887925e+03
1.299509473340659270e+03
1.300065362473106006e+03
1.300611969348618686e+03
1.301149948081874300e+03
1.301682115496686492e+03
1.302204499979935008e+03
1.302716897631238908e+03
1.303220027711708326e+03
1.303713408028635058e+03
1.304235872907960811e+03
1.304853603096633833e+03
1.305463162425818609e+03
1.306064607472841772e+03
1.306654555174968436e+03
1.307235789516068053e+03
1.307809215586001301e+03
1.308374798638890979e+03
1.308932542144863419e+03
1.309482493078164907e+03
1.310020950841415470e+03
1.310546771485450563e+03
1.311062085696715940e+03
1.311567766576658641e+03
1.312067038000481944e+03
1.312555520468438090e+03
1.313032970709826486e+03
1.313500264336933924e+03
1.313988503922510063e+03
1.314595179022077446e+03
1.315192790572690683e+03
1.315777618490884151e+03
1.316352527447020066e+03
1.316918439950178254e+03
1.317475351002497746e+03
1.318023324456471073e+03
1.318562488592221371e+03
1.319089149936135072e+03
1.319601878639283314e+03
1.320103071865372613e+03
1.320593744918257698e+03
1.321074312143239695e+03
1.321547306702749665e+03
1.322008678863695650e+03
1.322482078653941471e+03
1.323095180721468978e+03
1.323695422452296498e+03
1.324285959030500408e+03
1.324867562756716552e+03
1.325440083261273458e+03
1.326003507469931264e+03
1.326557933531327762e+03
1.327083920176575930e+03
1.327618993839525729e+03
1.328138039701160324e+03
1.328644212682610487e+03
1.329138616965970414e+03
1.329624757411897235e+03
1.330110009762750678e+03
1.330754953745593639e+03
1.331390249126903200e+03
1.332016023686586777e+03
1.332632570576193302e+03
1.333239833759552994e+03
1.333818172227572632e+03
1.334390491293722789e+03
1.334954965352894305e+03
1.335524821320653928e+03
1.336074528447839839e+03
1.336608341884044648e+03
1.337125473909189623e+03
1.337805097438841358e+03
1.338487685904288355e+03
1.339161549612814952e+03
1.339805380786282740e+03
1.340441863494132804e+03
1.341068716416963298e+03
1.341684268060110071e+03
1.342284647296779212e+03
1.342871372173589407e+03
1.343461716829254556e+03
1.344070404503985856e+03
1.344802021430764171e+03
1.345490620113202795e+03
1.346167977211988045e+03
1.346833015447860816e+03
1.347484636222013251e+03
1.348125251538854627e+03
1.348752928620207058e+03
1.349359172851209905e+03
1.349945425897283258e+03
1.350564913051586018e+03
1.351275676101447516e+03
1.351972676112756972e+03
1.352654040884298638e+03
1.353321254445482055e+03
1.353974826291298541e+03
1.354614763986323624e+03
1.355241204087859387e+03
1.355854654712567708e+03
1.356454680804481313e+03
1.357096616340565333e+03
1.357788290487739914e+03
1.358465680401957798e+03
1.359128092245575090e+03
1.359781198815363496e+03
1.360423056508672289e+03
1.361049145721547120e+03
1.361658846239044124e+03
1.362252355231774345e+03
1.362829722671820036e+03
1.363390815083726238e+03
1.363935421584046253e+03
1.364463182926026775e+03
1.364976949596951044e+03
1.365474723676095437e+03
1.365955454076909973e+03
1.366471320265758777e+03
1.366979968237478261e+03
1.367474590639508051e+03
1.367953975672649221e+03
1.368415113837844956e+03
1.368856474349593327e+03
1.369277480395275006e+03
1.369678037729878724e+03
1.370058161020736406e+03
1.370439563303918248e+03
1.370792366631027562e+03
1.371120622716297021e+03
1.371429488376260679e+03
1.371718419898864795e+03
1.371986617070142984e+03
1.372233841577633484e+03
1.372460142853909019e+03
1.372666048470766782e+03
1.372852188374629804e+03
1.373018431047520380e+03
1.373164694976334886e+03
1.373291044376051104e+03
1.373397782956295487e+03
1.373485075685093307e+03
1.373553038125312924e+03
1.373601824584170572e+03
1.373631630905287466e+03
1.373642643455878442e+03
1.373635056460258284e+03
1.373609070936419812e+03
1.373564891693572008e+03
1.373502726641502704e+03
1.373422786840363869e+03
1.373325286679646297e+03
1.373210444224044295e+03
1.373078481570003760e+03
1.372929625116926218e+03
1.372764105701223798e+03
1.372582158580627265e+03
1.372384023285820149e+03
1.372169943373246952e+03
1.371940166117535227e+03
1.371694942177626899e+03
1.371434525261469844e+03
1.371159171803570871e+03
1.370872756453184820e+03
1.370570661899219886e+03
1.370252743360141039e+03
1.369919779300007349e+03
1.369572354628776338e+03
1.369210923006584835e+03
1.368835872341380309e+03
1.368447555268445512e+03
1.368046303181954499e+03
1.367632433318040739e+03
1.367206252683180310e+03
1.366768060386536263e+03
1.366318149088131577e+03
1.365856805932907264e+03
1.365384313183823679e+03
1.364900948680626698e+03
1.364406986211694857e+03
1.363902695860185077e+03
1.363388344204835903e+03
1.362864194320984552e+03
1.362330505676633720e+03
1.361787533994142905e+03
1.361235531170792456e+03
1.360674745300250606e+03
1.360105420791319375e+03
1.359527798555350500e+03
1.358942116225072596e+03
1.358348608372186391e+03
1.357747506704661873e+03
1.357139040239866063e+03
1.356523435459376060e+03
1.355900821902336020e+03
1.355271976284106358e+03
1.354636144323307235e+03
1.353993467642385895e+03
1.353344216003152496e+03
1.352688663360879673e+03
1.352027074203331949e+03
1.351359702859877189e+03
1.350686794356872952e+03
1.350008585590105895e+03
1.349325306539335088e+03
1.348637181371289671e+03
1.347944429353099167e+03
1.347247265555538434e+03
1.346545901359800837e+03
1.345840544797543089e+03
1.345131400758469226e+03
1.344418671086432141e+03
1.343702554551229923e+03
1.342983247057131848e+03
1.342260940457762445e+03
1.341535820488653371e+03
1.340808066221996796e+03
1.340077850279598806e+03
1.339345339755960140e+03
1.338610703862865876e+03
1.337873994279695125e+03
1.337135232586264692e+03
1.336394526136062268e+03
1.335652014724413675e+03
1.334907854055330745e+03
1.334162208033810430e+03
1.333415235161950250e+03
1.332667089502567705e+03
1.331917868581849916e+03
1.331167667980986380e+03
1.330416586632658664e+03
1.329664733812294116e+03
1.328912230391423918e+03
1.328159207945326671e+03
1.327405806546624262e+03
1.326652172106589433e+03
1.325898453827332105e+03
1.325144802018745395e+03
1.324391366343465961e+03
1.323638294460631641e+03
1.322885731006338801e+03
1.322133816846170703e+03
1.321382688544219491e+03
1.320632478003706410e+03
1.319883312243240653e+03
1.319135313279926095e+03
1.318388598096747273e+03
1.317643278677194075e+03
1.316899462094612090e+03
1.316157250646869898e+03
1.315416742028558929e+03
1.314678029533367635e+03
1.313941202278974743e+03
1.313206345446304795e+03
1.312473540524727923e+03
1.311742865555040908e+03
1.311014395363010635e+03
1.310288201777756967e+03
1.309564353831136941e+03
1.308842917936237654e+03
1.308123958044848223e+03
1.307407535785195023e+03
1.306693710582173480e+03
1.305982539762816714e+03
1.305274078649848207e+03
1.304568380645977413e+03
1.303865497311215449e+03
1.303165478435015757e+03
1.302468372104569426e+03
1.301774234598628254e+03
1.301083119094316316e+03
1.300395102354980281e+03
1.299710329123572137e+03
1.299028980968949782e+03
1.298351155305730344e+03
1.297676916177435942e+03
1.297006309393569381e+03
1.296339413399849036e+03
1.295675505979167383e+03
1.295015524652145359e+03
1.294359570795731088e+03
1.293707622063092458e+03
1.293059648758992125e+03
1.292415624428517049e+03
1.291775525952830321e+03
1.291139333198054828e+03
1.290507028650886696e+03
1.289878596950303063e+03
1.289254024471274306e+03
1.288633299073554099e+03
1.288012018956962947e+03
1.287394714006671848e+03
1.286782341276306397e+03
1.286174533014724375e+03
1.285571034444209772e+03
1.284971696813144945e+03
1.284376425178902764e+03
1.283785152776862560e+03
1.283197829310878433e+03
1.282614415111507242e+03
1.282032804699541430e+03
1.281452007069593492e+03
1.280873551384412622e+03
1.280297934982864490e+03
1.279725382589671881e+03
1.279156017820258057e+03
1.278589917050818713e+03
1.278030730142854281e+03
1.277473115337530771e+03
1.276916720141175347e+03
1.276362197015538413e+03
1.275809958378339388e+03
1.275260253861250931e+03
1.274713098881888072e+03
1.274169120263359446e+03
1.273627393418329575e+03
1.273087899112618970e+03
1.272550722881993806e+03
1.272015816712732203e+03
1.271483070187483918e+03
1.270952377902191756e+03
1.270423648958601689e+03
1.269896809893335785e+03
1.269371804676616421e+03
1.268848594379111319e+03
1.268327155394268175e+03
1.267807476979165813e+03
1.267360975893752538e+03
1.266939477030778562e+03
1.266519994954320282e+03
1.266102523569469668e+03
1.265687062065111832e+03
1.265273622079746247e+03
1.264862213114068027e+03
1.264452851847560396e+03
1.264045613120007829e+03
1.263640612008985045e+03
1.263237904885279022e+03
1.262836761183940325e+03
1.262438008975983621e+03
1.262041728347316848e+03
1.261647894607259786e+03
1.261256480331236162e+03
1.260867462283837312e+03
1.260476540110321139e+03
1.260087766090462083e+03
1.259702088671373076e+03
1.259319209500155011e+03
1.258938924121852324e+03
1.258561119113768200e+03
1.258183930174718853e+03
1.257804543487731735e+03
1.257425128167009461e+03
1.257046462733820135e+03
1.256668930147731544e+03
1.256295906655647059e+03
1.255922454298438424e+03
1.255548373828212107e+03
1.255174384997087600e+03
1.254800776338810920e+03
1.254428298808840736e+03
1.254056184480287357e+03
1.253684467771621030e+03
1.253313138547124026e+03
1.252942125465765002e+03
1.252571361125087833e+03
1.252200806955234839e+03
1.251830448664304413e+03
1.251460293523508199e+03
1.251190830173101176e+03
1.250938191316236498e+03
1.250685411322856680e+03
1.250432530283588449e+03
1.250179590304994008e+03
1.249926631874686564e+03
1.249673761991575475e+03
1.249421157433275312e+03
1.249168164104505422e+03
1.248915606631363971e+03
1.248663611420834968e+03
1.248412210188177141e+03
1.248161434282606706e+03
1.247911319782378996e+03
1.247657364940674825e+03
1.247403915280899355e+03
1.247151946325948757e+03
1.246901234998664904e+03
1.246651646359339111e+03
1.246400318196230728e+03
1.246145613399598915e+03
1.245889636686252743e+03
1.245633195419583672e+03
1.245379853675029608e+03
1.245124772644480117e+03
1.244867888593322050e+03
1.244609997404930255e+03
1.244351431691569815e+03
1.244092983653691135e+03
1.243833997844888927e+03
1.243574449894711961e+03
1.243314365709514050e+03
1.243053775047639419e+03
1.242792723633241167e+03
1.242531268716845716e+03
1.242269478328011928e+03
1.242093144406600686e+03
1.241951596121933562e+03
1.241809332504079521e+03
1.241666445097736187e+03
1.241523023630550597e+03
1.241379150589509663e+03
1.241234969480740347e+03
1.241090671544897759e+03
1.240945667257282139e+03
1.240800784589084287e+03
1.240656180471829657e+03
1.240511919343554609e+03
1.240368063423251442e+03
1.240220662242373010e+03
1.240073490118326163e+03
1.239927513185951057e+03
1.239782552851061837e+03
1.239638509987278439e+03
1.239492699638222348e+03
1.239343244258806635e+03
1.239192299710986390e+03
1.239040702201923750e+03
1.238891512093744495e+03
1.238740472132249579e+03
1.238587542862727332e+03
1.238433316556300269e+03
1.238278694350415208e+03
1.238123108695851670e+03
1.237966569789675304e+03
1.237809120822138084e+03
1.237650801478082940e+03
1.237491663356899608e+03
1.237331767487435854e+03
1.237171184349684609e+03
1.237079644721445220e+03
1.237043217273626624e+03
1.237005869886883602e+03
1.236967689200499990e+03
1.236928762861501809e+03
1.236889222329744598e+03
1.236849235541346843e+03
1.236808854585699009e+03
1.236767498754583812e+03
1.236725970574253779e+03
1.236684423540795024e+03
1.236642921920246181e+03
1.236597778532669963e+03
1.236552424493781018e+03
1.236507800460158705e+03
1.236463753460670432e+03
1.236420204125869304e+03
1.236373211602019637e+03
1.236322451326378541e+03
1.236269899130428939e+03
1.236218890092542551e+03
1.236165334676901921e+03
1.236109316813025998e+03
1.236051442604798240e+03
1.235992632446064817e+03
1.235932357748134109e+03
1.235870645291489382e+03
1.235807507023823973e+03
1.235743013760137046e+03
1.235677253524326488e+03
1.235610324082950456e+03
1.235542329608425462e+03
1.235599568684262749e+03
1.235659536948412551e+03
1.235717967898406641e+03
1.235774951667183359e+03
1.235830610800051090e+03
1.235885100152830319e+03
1.235938475165436103e+03
1.235990163425827177e+03
1.236040916315456798e+03
1.236090866399528750e+03
1.236140061785669786e+03
1.236184968937013309e+03
1.236228837562074432e+03
1.236272563431303752e+03
1.236315991866041031e+03
1.236359038769802510e+03
1.236396901542305613e+03
1.236430539954173582e+03
1.236464594983348434e+03
1.236494836627325412e+03
1.236521491368319175e+03
1.236545278200146413e+03
1.236567123512304988e+03
1.236586560299537950e+03
1.236603661956261249e+03
1.236618535296502159e+03
1.236631279245760425e+03
1.236641986534457374e+03
1.236650747559761385e+03
1.236657651729201689e+03
1.236688081451588459e+03
1.236814757231326894e+03
1.236938745750121143e+03
1.237060133003687042e+03
1.237179010139571346e+03
1.237295461981512062e+03
1.237409561933555551e+03
1.237521435538198375e+03
1.237631234561639303e+03
1.237738435005787551e+03
1.237843775106668090e+03
1.237947389164670540e+03
1.238049327027609024e+03
1.238149635807645382e+03
1.238244510315026218e+03
1.238337658769889003e+03
1.238429927372200837e+03
1.238521138867372883e+03
1.238607231127859905e+03
1.238688542403188876e+03
1.238769680173915958e+03
1.238846406708838913e+03
1.238918919174609073e+03
1.238988056976036660e+03
1.239054192103040350e+03
1.239118057408872573e+03
1.239179122412737570e+03
1.239237411688987322e+03
1.239293004620271176e+03
1.239345988564366962e+03
1.239396450623161627e+03
1.239444477436982652e+03
1.239490154827071365e+03
1.239533568409805412e+03
1.239596184300081404e+03
1.239737940817997924e+03
1.239876420487668838e+03
1.240011709858184759e+03
1.240143893760006222e+03
1.240273054384776742e+03
1.240399270702969261e+03
1.240522618325675239e+03
1.240643169799225234e+03
1.240760995194584666e+03
1.240876168963404325e+03
1.240988737746602283e+03
1.241098833588729576e+03
1.241206633995064749e+03
1.241311665571864523e+03
1.241414684196727876e+03
1.241515827662728270e+03
1.241615141669928789e+03
1.241712665407022769e+03
1.241805065059168101e+03
1.241895764148147464e+03
1.241985554369425245e+03
1.242074229018067172e+03
1.242159184606473673e+03
1.242239818366020017e+03
1.242317620681532389e+03
1.242395953261967406e+03
1.242470623438893199e+03
1.242541635973504071e+03
1.242609703114065496e+03
1.242675308737106661e+03
1.242738633216920334e+03
1.242800278197001717e+03
1.242859643883425179e+03
1.242916818673614443e+03
1.242971867599339248e+03
1.243024829502666080e+03
1.243075752531198304e+03
1.243124691566585625e+03
1.243171699635915957e+03
1.243216829097029859e+03
1.243260131461794117e+03
1.243301657219527897e+03
1.243341455353012407e+03
1.243379572663448016e+03
1.243416053169852830e+03
1.243453236813551939e+03
1.243550799581604906e+03
1.243645614927199404e+03
1.243737723525920046e+03
1.243827162659543546e+03
1.243913966339543322e+03
1.243998165634870929e+03
1.244079789188028826e+03
1.244158863870189634e+03
1.244235415504181901e+03
1.244309469579721053e+03
1.244381051893684571e+03
1.244450189062519030e+03
1.244516908870581119e+03
1.244581240435221162e+03
1.244643214179316374e+03
1.244702861603338988e+03
1.244760214857881692e+03
1.244815306150784181e+03
1.244868167066508249e+03
1.244918827896338371e+03
1.244967317062282746e+03
1.245013660679845771e+03
1.245057882265012950e+03
1.245100002559184986e+03
1.245140039436571215e+03
1.245178007884052022e+03
1.245213920086381449e+03
1.245247785668419510e+03
1.245279612122649269e+03
1.245309405403097117e+03
1.245337170624733744e+03
1.245362912786694324e+03
1.245386637438910839e+03
1.245408351227417143e+03
1.245428062275076172e+03
1.245445780375594040e+03
1.245461516996470891e+03
1.245475285101613736e+03
1.245487098818911363e+03
1.245496972990358017e+03
1.245504922637121581e+03
1.245510962343920028e+03
1.245515105562427607e+03
1.245517363899193697e+03
1.245517746531415696e+03
1.245516259889847561e+03
1.245512907664358636e+03
1.245507691093541780e+03
1.245500609441256302e+03
1.245491660547879974e+03
1.245480841359635860e+03
1.245468148369434630e+03
1.245453577934918030e+03
1.245437126466725886e+03
1.245418790499396437e+03
1.245398566667912064e+03
1.245376451613806921e+03
1.245352441837031392e+03
1.245326533501912081e+03
1.245298722208142863e+03
1.245269002749371339e+03
1.245237368890592961e+03
1.245203813193548285e+03
1.245168326909407597e+03
1.245130899946793079e+03
1.245091520914256080e+03
1.245050177229829387e+03
1.245006855285376332e+03
1.244961540649862854e+03
1.244914218293829663e+03
1.244864872817531477e+03
1.244813488667216461e+03
1.244760050326989813e+03
1.244704542476820961e+03
1.244646950110418857e+03
1.244587258610430808e+03
1.244525453782868681e+03
1.244461521857213029e+03
1.244395449462111173e+03
1.244327223587182061e+03
1.244256831533969489e+03
1.244184260840570914e+03
1.244109499154481455e+03
1.244032534054546659e+03
1.243953352869740911e+03
1.243871942565885547e+03
1.243788289753779054e+03
1.243702380831536402e+03
1.243614202235581160e+03
1.243523740752678123e+03
1.243430983840845329e+03
1.243335919913659609e+03
1.243238538553887793e+03
1.243138830636746206e+03
1.243036788360549508e+03
1.242932405199449704e+03
1.242825759914208675e+03
1.242716410581676882e+03
1.242605217180393083e+03
1.242492247552545678e+03
1.242377439470339596e+03
1.242260716381126031e+03
1.242142004660941893e+03
1.242021239175073788e+03
1.241898365342468651e+03
1.241773309399203299e+03
1.241646109588338732e+03
1.241516794710307295e+03
1.241385380399737414e+03
1.241251871312241519e+03
1.241113138645636809e+03
