3.393270998892705115e-01
6.622049429736074355e-01
9.725434096836615971e-01
1.272167315597272141e+00
1.562191739465099927e+00
1.843425480343361844e+00
2.116499534159212992e+00
2.381925302919543075e+00
2.640129434206817116e+00
2.891475995431335377e+00
3.136281308065258511e+00
3.374824288107356018e+00
3.607353908197861614e+00
3.834094743826403917e+00
4.055251200289923474e+00
4.271010803026817904e+00
4.481546804255444272e+00
4.687020277929305756e+00
4.887581823228211775e+00
5.083372962843602849e+00
5.274527299509670364e+00
5.461171478540256530e+00
5.643425993066347957e+00
5.821405860672599353e+00
5.995221194214561677e+00
6.164977685123078643e+00
6.330777014050105400e+00
6.492717201001593885e+00
6.650892904947347972e+00
6.805395681162174526e+00
6.956314203142235364e+00
7.103734454786117425e+00
7.247739897580045110e+00
7.388411616741255017e+00
7.525828449622340877e+00
7.660067099138038849e+00
7.791202234525037795e+00
7.919306581369555786e+00
8.044451002523549832e+00
8.166704571268207147e+00
8.286134637864359220e+00
8.402806890446008481e+00
8.516785411059997202e+00
8.628132727526420354e+00
8.736909861687070844e+00
8.843176374519217120e+00
8.946990408516795057e+00
9.048408727677989205e+00
9.147486755385301649e+00
9.244278610420067821e+00
9.338837141316140844e+00
9.431213959226449006e+00
9.521459469450004320e+00
9.609622901745092705e+00
9.695752339535976816e+00
9.779894748105073532e+00
9.862096001849547378e+00
9.942400910670466274e+00
1.002085324555341117e+01
1.009749576339181232e+01
1.017237023109772664e+01
1.024551744903931727e+01
1.031697727383966168e+01
1.038678864056764439e+01
1.045498958434825632e+01
1.052161726141696896e+01
1.058670796964034011e+01
1.065029716852301966e+01
1.071241949871953913e+01
1.077310880106783308e+01
1.083239813516011729e+01
1.089031979746562762e+01
1.094690533901878737e+01
1.100218558268553437e+01
1.105619064001974117e+01
1.110894992772117185e+01
1.116049218370564411e+01
1.121084548279771020e+01
1.126003725205568529e+01
1.130809428573839348e+01
1.135504275992270706e+01
1.140090824678055981e+01
1.144571572852382779e+01
1.148948961102521871e+01
1.153225373712300694e+01
1.157403139961722438e+01
1.161484535396469298e+01
1.165471783068007383e+01
1.169367054744990497e+01
1.173172472096637264e+01
1.176890107848746148e+01
1.180521986912987131e+01
1.184070087490096235e+01
1.187536342147582502e+01
1.190922638872542016e+01
1.194230822100160339e+01
1.197462693718463989e+01
1.200620014049877682e+01
1.203704502810123067e+01
1.206717840044983348e+01
1.209661667045448752e+01
1.212537587241741832e+01
1.215347167076714463e+01
1.218091936859084790e+01
1.220773391596994806e+01
1.223392991812328034e+01
1.225952164336244543e+01
1.228452303086356601e+01
1.230894769825978230e+01
1.233280894905857217e+01
1.235611977988794052e+01
1.237889288757545536e+01
1.240114067606396020e+01
1.242287526316778035e+01
1.244410848717301654e+01
1.246485191328563857e+01
1.248511683993077170e+01
1.250491430490672862e+01
1.252425509139701632e+01
1.254314973384371967e+01
1.256160852368534542e+01
1.257964151496232752e+01
1.259725852979324401e+01
1.261446916372466198e+01
1.263128279095761641e+01
1.264770856945351163e+01
1.266375544592223790e+01
1.267943216069521739e+01
1.269474725248604940e+01
1.270970906304135895e+01
1.272432574168431074e+01
1.273860524975335551e+01
1.275255536493857988e+01
1.276618368551801197e+01
1.277949763449622189e+01
1.279250446364744143e+01
1.280521125746543021e+01
1.281762493702220951e+01
1.282975226373782363e+01
1.284159984306308999e+01
1.285317412807743409e+01
1.286448142300372233e+01
1.287552788664200776e+01
1.288631953572409117e+01
1.289686224819065963e+01
1.290716176639286772e+01
1.291722370022005428e+01
1.292705353015530534e+01
1.293665661026053648e+01
1.294603817109270416e+01
1.295520332255278895e+01
1.296415705666900031e+01
1.297290425031581584e+01
1.298144966787031152e+01
1.298979796380717744e+01
1.299795368523389705e+01
1.300592127436745393e+01
1.301370507095387907e+01
1.302130931463202224e+01
1.302873814724275903e+01
1.303599561508495341e+01
1.304308567111937833e+01
1.305001217712179340e+01
1.305677890578635392e+01
1.306338954278050934e+01
1.306984768875248371e+01
1.307615686129247301e+01
1.308232049684857046e+01
1.308834195259852606e+01
1.309422450827831952e+01
1.309997136796853567e+01
1.310558566183956763e+01
1.311107044785652143e+01
1.311642871344482231e+01
1.312166337711739494e+01
1.312677729006429672e+01
1.313177323770569238e+01
1.313665394120900132e+01
1.314142205897105598e+01
1.314608018806604761e+01
1.315063086566011030e+01
1.315507657039323064e+01
1.315941972372930913e+01
1.316366269127508559e+01
1.316780778406859120e+01
1.317185725983795308e+01
1.317581332423108442e+01
1.317967813201707905e+01
1.318345378825983438e+01
1.318714234946464536e+01
1.319074582469831824e+01
1.319426617668346502e+01
1.319770532286754872e+01
1.320106513646727109e+01
1.320434744748885869e+01
1.320755404372483177e+01
1.321068667172776223e+01
1.321374703776158377e+01
1.321673680873094270e+01
1.321965761308912768e+01
1.322251104172503844e+01
1.322529864882971218e+01
1.322802195274284642e+01
1.323068243677980860e+01
1.323328155003954443e+01
1.323582070819388079e+01
1.323830129425860136e+01
1.324072465934674625e+01
1.324309212340451580e+01
1.324540497593022614e+01
1.324766447667665936e+01
1.324987185633722042e+01
1.325202831721626850e+01
1.325413503388397451e+01
1.325619315381608843e+01
1.325820379801893800e+01
1.326016806164000350e+01
1.326208701456443606e+01
1.326396170199778268e+01
1.326579314503527662e+01
1.326758234121803071e+01
1.326933026507634317e+01
1.327103786866051394e+01
1.327270608205940583e+01
1.327433581390702955e+01
1.327592795187746155e+01
1.327748336316833111e+01
1.327900289497317843e+01
1.328048737494287401e+01
1.328193761163644027e+01
1.328335439496144588e+01
1.328473849660424122e+01
1.328609067045029235e+01
1.328741165299478766e+01
1.328870216374380142e+01
1.328996290560618476e+01
1.329119456527641496e+01
1.329239781360864114e+01
1.329357330598205245e+01
1.329472168265787957e+01
1.329584356912810783e+01
1.329693957645615932e+01
1.329801030160975372e+01
1.329905632778603675e+01
1.330007822472923706e+01
1.330107654904099945e+01
1.330205184448354672e+01
1.330300464227585522e+01
1.330393546138299143e+01
1.330484480879878362e+01
1.330573317982197601e+01
1.330660105832598639e+01
1.330744891702247656e+01
1.330827721771882288e+01
1.330908641156964478e+01
1.330987693932254601e+01
1.331064923155817326e+01
1.331140370892474500e+01
1.331214078236716425e+01
1.331286085335085367e+01
1.331356431408043051e+01
1.331425154771331165e+01
1.331492292856842674e+01
1.331557882233009416e+01
1.331621958624720747e+01
1.331684556932779806e+01
1.331745711252916031e+01
1.331805454894354135e+01
1.331863820397957809e+01
1.331920839553953506e+01
1.331976543419246184e+01
1.332030962334333957e+01
1.332084125939835673e+01
1.332136063192634978e+01
1.332186802381650281e+01
1.332236371143246778e+01
1.332284796476285216e+01
1.332332104756830660e+01
1.332378321752517358e+01
1.332423472636584449e+01
1.332467582001585882e+01
1.332510673872787343e+01
1.332552771721250373e+01
1.332593898476617511e+01
1.332634076539601686e+01
1.332673327794186058e+01
1.332711673619544790e+01
1.332749134901687960e+01
1.332785732044836635e+01
1.332821484982536475e+01
1.332856413188517131e+01
1.332890535687296030e+01
1.332923871064542887e+01
1.332956437477202094e+01
1.332988252663382056e+01
1.333019333952016972e+01
1.333049698272305328e+01
1.333079362162931325e+01
1.333108341781072426e+01
1.333136652911199604e+01
1.333164310973676336e+01
1.333191331033155080e+01
1.333217727806785469e+01
1.333243515672227808e+01
1.333268708675485925e+01
1.333293320538557047e+01
1.333317364666906357e+01
1.333340854156766930e+01
1.333363801802275717e+01
1.333386220102438990e+01
1.333408121267943969e+01
1.333429517227805228e+01
1.333450419635866169e+01
1.333470839877144520e+01
1.333490789074033778e+01
1.333510278092360934e+01
1.333529317547305659e+01
1.333547917809182337e+01
1.333566089009086397e+01
1.333583841044415230e+01
1.333601183584257832e+01
1.333618126074659749e+01
1.333634677743772023e+01
1.333650847606872958e+01
1.333666644471281693e+01
1.333682076941154193e+01
1.333697153422170167e+01
1.333711882126110559e+01
1.333726271075331482e+01
1.333740328107132456e+01
1.333754060878025882e+01
1.333767476867908996e+01
1.333780583384133678e+01
1.333793387565491706e+01
1.333805896386099299e+01
1.333818116659197095e+01
1.333830055040862206e+01
1.333841718033631274e+01
1.333853111990043949e+01
1.333864243116102877e+01
1.333875117474653571e+01
1.333885740988685953e+01
1.333896119444561990e+01
1.333906258495166419e+01
1.333916163662986065e+01
1.333925840343117208e+01
1.333935293806204747e+01
1.333944529201313500e+01
1.333953551558731299e+01
1.333962365792710258e+01
1.333970976704142153e+01
1.333979388983175340e+01
1.333987607211766857e+01
1.333995635866179263e+01
1.334003479319420116e+01
1.334011141843621395e+01
1.334018627612367958e+01
1.334025940702970203e+01
1.334033085098685412e+01
1.334040064690887029e+01
1.334046883281183149e+01
1.334053544583490059e+01
1.334060052226051241e+01
1.334066409753416771e+01
1.334072620628372086e+01
1.334078688233825716e+01
1.334084615874649593e+01
1.334090406779481341e+01
1.334096064102481449e+01
1.334101590925052250e+01
1.334106990257515157e+01
1.334112265040751311e+01
1.334117418147802780e+01
1.334122452385437718e+01
1.334127370495679266e+01
1.334132175157298938e+01
1.334136868987275193e+01
1.334141454542219485e+01
1.334145934319768934e+01
1.334150310759945768e+01
1.334154586246487284e+01
1.334158763108143830e+01
1.334162843619947303e+01
1.334166830004450333e+01
1.334170724432935984e+01
1.334174529026602585e+01
1.334178245857716050e+01
1.334181876950742129e+01
1.334185424283445087e+01
1.334188889787969323e+01
1.334192275351887247e+01
1.334195582819230808e+01
1.334198813991494958e+01
1.334201970628617850e+01
1.334205054449940775e+01
1.334208067135143594e+01
1.334211010325160629e+01
1.334213885623073992e+01
1.334216694594985952e+01
1.334219438770873190e+01
1.334222119645419546e+01
1.334224738678829958e+01
1.334227297297626613e+01
1.334229796895424514e+01
1.334232238833692463e+01
1.334234624442492745e+01
1.334236955021206938e+01
1.334239231839242201e+01
1.334241456136724935e+01
1.334243629125173669e+01
1.334245751988161111e+01
1.334247825881957361e+01
1.334249851936160169e+01
1.334251831254310972e+01
1.334253764914494234e+01
1.334255653969926492e+01
1.334257499449528517e+01
1.334259302358487354e+01
1.334261063678801662e+01
1.334262784369818888e+01
1.334264465368756269e+01
1.334266107591211714e+01
1.334267711931662248e+01
1.334269279263952335e+01
1.334270810441768695e+01
1.334272306299105182e+01
1.334273767650717701e+01
1.334275195292568306e+01
1.334276590002257024e+01
1.334277952539448009e+01
1.334279283646280589e+01
1.334280584047775342e+01
1.334281854452228799e+01
1.334283095551597675e+01
1.334284308021878296e+01
1.334285492523472350e+01
1.334286649701548910e+01
1.334287780186392780e+01
1.334288884593751412e+01
1.334289963525167799e+01
1.334291017568308924e+01
1.334292047297285499e+01
1.334293053272964436e+01
1.334294036043276677e+01
1.334294996143511547e+01
1.334295934096612157e+01
1.334296850413457847e+01
1.334297745593143425e+01
1.334298620123250956e+01
1.334299474480114966e+01
1.334300309129081796e+01
1.334301124524764504e+01
1.334301921111288536e+01
1.334302699322534203e+01
1.334303459582373996e+01
1.334304202304902454e+01
1.334304927894661397e+01
1.334305636746862156e+01
1.334306329247598200e+01
1.334307005774057409e+01
1.334307666694726713e+01
1.334308312369593352e+01
1.334308943150339921e+01
1.334309559380536925e+01
1.334310161395829653e+01
1.334310749524120610e+01
1.334311324085748751e+01
1.334311885393663211e+01
1.334312433753594185e+01
1.334312969464219734e+01
1.334313492817328139e+01
1.334314004097976358e+01
1.334314503584646516e+01
1.334314991549396368e+01
1.334315468258007797e+01
1.334315933970132306e+01
1.334316388939431874e+01
1.334316833413716274e+01
1.334317267635080029e+01
1.334317691840032438e+01
1.334318106259627079e+01
1.334318511119588280e+01
1.334318906640432978e+01
1.334319293037591336e+01
1.334319670521523982e+01
1.334320039297837468e+01
1.334320399567394766e+01
1.334320751526425752e+01
1.334321095366633614e+01
1.334321431275299652e+01
1.334321759435384536e+01
1.334322080025629020e+01
1.334322393220650582e+01
1.334322699191039163e+01
1.334322998103448299e+01
1.334323290120688554e+01
1.334323575401814566e+01
1.334323854102211193e+01
1.334324126373680208e+01
1.334324392364520939e+01
1.334324652219611629e+01
1.334324906080488660e+01
1.334325154085424359e+01
1.334325396369500538e+01
1.334325633064683103e+01
1.334325864299893993e+01
1.334326090201081350e+01
1.334326310891287903e+01
1.334326526490717768e+01
1.334326737116802697e+01
1.334326942884265854e+01
1.334327143905183277e+01
1.334327340289045871e+01
1.334327532142819273e+01
1.334327719571001047e+01
1.334327902675679134e+01
1.334328081556585666e+01
1.334328256311152927e+01
1.334328427034564868e+01
1.334328593819810926e+01
1.334328756757734169e+01
1.334328915937083337e+01
1.334329071444558856e+01
1.334329223364862216e+01
1.334329371780740559e+01
1.334329516773032154e+01
1.334329658420710452e+01
1.334329796800928136e+01
1.334329931989056561e+01
1.334330064058729626e+01
1.334330193081882676e+01
1.334330319128790876e+01
1.334330442268109351e+01
1.334330562566909073e+01
1.334330680090712740e+01
1.334330794903533857e+01
1.334330907067907290e+01
1.334331016644926393e+01
1.334331123694275156e+01
1.334331228274260717e+01
1.334331330441844976e+01
1.334331430252676043e+01
1.334331527761118252e+01
1.334331623020282720e+01
1.334331716082053809e+01
1.334331806997120573e+01
1.334331895815001623e+01
1.334331982584074439e+01
1.334332067351599527e+01
1.334332150163747954e+01
1.334332231065624974e+01
1.334332310101296137e+01
1.334332387313810209e+01
1.334332462745222614e+01
1.334332536436619243e+01
1.334332608428137945e+01
1.334332678758990376e+01
1.334332747467484559e+01
1.334332814591043714e+01
1.334332880166228819e+01
1.334332944228756723e+01
1.334333006813520761e+01
1.334333067954609220e+01
1.334333127685324527e+01
1.334333186038199948e+01
1.334333243045019124e+01
1.334333298736832063e+01
1.334333353143973078e+01
1.334333406296075708e+01
1.334333458222091373e+01
1.334333508950302338e+01
1.334333558508339124e+01
1.334333606923194537e+01
1.334333654221239307e+01
1.334333700428235225e+01
1.334333745569350427e+01
1.334333789669171821e+01
1.334333832751719484e+01
1.334333874840459444e+01
1.334333915958316474e+01
1.334333956127686349e+01
1.334333995370448456e+01
1.334334033707977163e+01
1.334334071161154078e+01
1.334334107750378884e+01
1.334334143495581060e+01
1.334334178416229832e+01
1.334334212531345898e+01
1.334334245859510482e+01
1.334334278418876885e+01
1.334334310227179721e+01
1.334334341301743265e+01
1.334334371659493890e+01
1.334334401316966279e+01
1.334334430290314266e+01
1.334334458595318829e+01
1.334334486247397322e+01
1.334334513261610411e+01
1.334334539652672902e+01
1.334334565434958719e+01
1.334334590622511385e+01
1.334334615229049170e+01
1.334334639267975575e+01
1.334334662752382883e+01
1.334334685695063349e+01
1.334334708108513112e+01
1.334334730004940006e+01
1.334334751396270313e+01
1.334334772294156046e+01
1.334334792709979034e+01
1.334334812654859626e+01
1.334334832139661309e+01
1.334334851174996928e+01
1.334334869771234189e+01
1.334334887938502590e+01
1.334334905686696793e+01
1.334334923025484443e+01
1.334334939964309363e+01
1.334334956512397241e+01
1.334334972678761666e+01
1.334334988472208039e+01
1.334335003901338901e+01
1.334335018974558196e+01
1.334335033700075179e+01
1.334335048085911168e+01
1.334335062139901851e+01
1.334335075869701015e+01
1.334335089282788367e+01
1.334335102386468819e+01
1.334335115187879950e+01
1.334335127693994139e+01
1.334335139911623180e+01
1.334335151847421841e+01
1.334335163507891053e+01
1.334335174899382359e+01
1.334335186028100040e+01
1.334335196900105736e+01
1.334335207521321109e+01
1.334335217897531578e+01
1.334335228034388443e+01
1.334335237937413154e+01
1.334335247611999442e+01
1.334335257063417224e+01
1.334335266296814027e+01
1.334335275317219427e+01
1.334335284129546295e+01
1.334335292738594703e+01
1.334335301149053521e+01
1.334335309365504152e+01
1.334335317392421594e+01
1.334335325234177638e+01
1.334335332895043891e+01
1.334335340379193191e+01
1.334335347690701390e+01
1.334335354833551257e+01
1.334335361811633369e+01
1.334335368628748242e+01
1.334335375288609349e+01
1.334335381794843833e+01
1.334335388150995882e+01
1.334335394360527083e+01
1.334335400426819618e+01
1.334335406353178044e+01
1.334335412142829824e+01
1.334335417798928525e+01
1.334335423324555592e+01
1.334335428722719818e+01
1.334335433996361608e+01
1.334335439148354041e+01
1.334335444181502162e+01
1.334335449098548487e+01
1.334335453902170521e+01
1.334335458594984836e+01
1.334335463179547787e+01
1.334335467658355867e+01
1.334335472033849257e+01
1.334335476308410762e+01
1.334335480484368652e+01
1.334335484563997554e+01
1.334335488549519511e+01
1.334335492443105231e+01
1.334335496246876041e+01
1.334335499962902816e+01
1.334335503593210248e+01
1.334335507139775423e+01
1.334335510604530128e+01
1.334335513989361566e+01
1.334335517296113238e+01
1.334335520526586372e+01
1.334335523682540448e+01
1.334335526765694624e+01
1.334335529777727913e+01
1.334335532720281137e+01
1.334335535594957101e+01
1.334335538403321131e+01
1.334335541146903381e+01
1.334335543827197768e+01
1.334335546445664455e+01
1.334335549003729682e+01
1.334335551502786821e+01
1.334335553944196562e+01
1.334335556329289396e+01
1.334335558659363841e+01
1.334335560935689102e+01
1.334335563159505433e+01
1.334335565332023776e+01
1.334335567454427540e+01
1.334335569527872423e+01
1.334335571553488009e+01
1.334335573532378305e+01
1.334335575465619961e+01
1.334335577354266889e+01
1.334335579199346888e+01
1.334335581001866089e+01
1.334335582762805217e+01
1.334335584483124038e+01
1.334335586163759224e+01
1.334335587805626311e+01
1.334335589409619693e+01
1.334335590976612806e+01
1.334335592507459367e+01
1.334335594002992842e+01
1.334335595464028579e+01
1.334335596891361497e+01
1.334335598285769287e+01
1.334335599648011872e+01
1.334335600978830527e+01
1.334335602278950716e+01
1.334335603549080318e+01
1.334335604789911045e+01
1.334335606002119157e+01
1.334335607186364570e+01
1.334335608343292101e+01
1.334335609473532180e+01
1.334335610577700670e+01
1.334335611656398690e+01
1.334335612710213859e+01
1.334335613739719939e+01
1.334335614745477905e+01
1.334335615728035762e+01
1.334335616687928194e+01
1.334335617625678161e+01
1.334335618541796720e+01
1.334335619436783027e+01
1.334335620311123805e+01
1.334335621165295827e+01
1.334335621999764321e+01
1.334335622814983502e+01
1.334335623611397814e+01
1.334335624389440511e+01
1.334335625149535787e+01
1.334335625892097532e+01
1.334335626617530401e+01
1.334335627326229101e+01
1.334335628018580344e+01
1.334335628694960185e+01
1.334335629355737929e+01
1.334335630001273110e+01
1.334335630631917446e+01
1.334335631248014131e+01
1.334335631849899251e+01
1.334335632437900365e+01
1.334335633012337752e+01
1.334335633573524049e+01
1.334335634121765146e+01
1.334335634657360004e+01
1.334335635180599944e+01
1.334335635691769717e+01
1.334335636191148566e+01
1.334335636679007564e+01
1.334335637155613341e+01
1.334335637621224535e+01
1.334335638076095343e+01
1.334335638520473744e+01
1.334335638954600967e+01
1.334335639378714156e+01
1.334335639793044059e+01
1.334335640197816275e+01
1.334335640593251782e+01
1.334335640979565163e+01
1.334335641356967450e+01
1.334335641725664168e+01
1.334335642085855689e+01
1.334335642437738478e+01
1.334335642781504205e+01
1.334335643117340453e+01
1.334335643445429476e+01
1.334335643765950152e+01
1.334335644079077454e+01
1.334335644384981556e+01
1.334335644683829436e+01
1.334335644975783453e+01
1.334335645261002767e+01
1.334335645539642812e+01
1.334335645811855642e+01
1.334335646077788873e+01
1.334335646337587633e+01
1.334335646591393676e+01
1.334335646839344847e+01
1.334335647081576504e+01
1.334335647318220452e+01
1.334335647549405657e+01
1.334335647775257883e+01
1.334335647995900587e+01
1.334335648211453140e+01
1.334335648422033671e+01
1.334335648627756576e+01
1.334335648828734122e+01
1.334335649025075554e+01
1.334335649216887809e+01
1.334335649404275514e+01
1.334335649587340455e+01
1.334335649766182819e+01
1.334335649940899238e+01
1.334335650111585814e+01
1.334335650278334917e+01
1.334335650441237675e+01
1.334335650600382728e+01
1.334335650755856406e+01
1.334335650907743975e+01
1.334335651056127503e+01
1.334335651201088702e+01
1.334335651342705731e+01
1.334335651481055685e+01
1.334335651616214768e+01
1.334335651748255636e+01
1.334335651877251117e+01
1.334335652003270667e+01
1.334335652126383387e+01
1.334335652246656068e+01
1.334335652364154612e+01
1.334335652478942436e+01
1.334335652591082599e+01
1.334335652700636032e+01
1.334335652807662420e+01
1.334335652912219494e+01
1.334335653014364809e+01
1.334335653114154141e+01
1.334335653211641493e+01
1.334335653306880154e+01
1.334335653399921817e+01
1.334335653490817108e+01
1.334335653579615766e+01
1.334335653666365928e+01
1.334335653751115380e+01
1.334335653833909596e+01
1.334335653914794051e+01
1.334335653993812443e+01
1.334335654071008292e+01
1.334335654146423344e+01
1.334335654220098810e+01
1.334335654292074658e+01
1.334335654362390500e+01
1.334335654431084173e+01
1.334335654498192980e+01
1.334335654563753870e+01
1.334335654627802725e+01
1.334335654690373829e+01
1.334335654751501821e+01
1.334335654811219740e+01
1.334335654869559917e+01
1.334335654926554326e+01
1.334335654982234232e+01
1.334335655036629475e+01
1.334335655089770256e+01
1.334335655141684818e+01
1.334335655192402115e+01
1.334335655241949326e+01
1.334335655290353806e+01
1.334335655337641668e+01
1.334335655383838670e+01
1.334335655428970036e+01
1.334335655473060278e+01
1.334335655516133556e+01
1.334335655558213141e+01
1.334335655599322124e+01
1.334335655639482887e+01
1.334335655678717103e+01
1.334335655717046443e+01
1.334335655754491512e+01
1.334335655791072739e+01
1.334335655826810196e+01
1.334335655861723424e+01
1.334335655895831074e+01
1.334335655929151976e+01
1.334335655961704070e+01
1.334335655993505476e+01
1.334335656024573602e+01
1.334335656054924613e+01
1.334335656084575916e+01
1.334335656113542967e+01
1.334335656141841753e+01
1.334335656169487727e+01
1.334335656196496345e+01
1.334335656222881639e+01
1.334335656248658353e+01
1.334335656273840343e+01
1.334335656298441641e+01
1.334335656322475216e+01
1.334335656345954746e+01
1.334335656368892309e+01
1.334335656391301050e+01
1.334335656413192694e+01
1.334335656434579320e+01
1.334335656455472829e+01
1.334335656475884235e+01
1.334335656495824729e+01
1.334335656515305324e+01
1.334335656534336501e+01
1.334335656552928917e+01
1.334335656571092166e+01
1.334335656588836372e+01
1.334335656606171305e+01
1.334335656623106559e+01
1.334335656639651013e+01
1.334335656655814084e+01
1.334335656671604120e+01
1.334335656687029825e+01
1.334335656702099904e+01
1.334335656716822172e+01
1.334335656731204800e+01
1.334335656745255605e+01
1.334335656758982580e+01
1.334335656772392653e+01
1.334335656785493462e+01
1.334335656798292291e+01
1.334335656810795712e+01
1.334335656823010652e+01
1.334335656834943862e+01
1.334335656846601736e+01
1.334335656857990671e+01
1.334335656869117237e+01
1.334335656879986765e+01
1.334335656890605648e+01
1.334335656900979750e+01
1.334335656911114221e+01
1.334335656921015101e+01
1.334335656930687719e+01
1.334335656940137227e+01
1.334335656949368598e+01
1.334335656958386807e+01
1.334335656967197359e+01
1.334335656975804518e+01
1.334335656984213081e+01
1.334335656992427843e+01
1.334335657000453068e+01
1.334335657008293019e+01
1.334335657015952314e+01
1.334335657023434862e+01
1.334335657030744571e+01
1.334335657037886058e+01
1.334335657044862700e+01
1.334335657051678048e+01
1.334335657058336722e+01
1.334335657064841563e+01
1.334335657071196302e+01
1.334335657077404491e+01
1.334335657083469329e+01
1.334335657089394367e+01
1.334335657095182981e+01
1.334335657100837835e+01
1.334335657106362305e+01
1.334335657111759055e+01
1.334335657117031637e+01
1.334335657122182539e+01
1.334335657127214780e+01
1.334335657132130493e+01
1.334335657136933229e+01
1.334335657141624942e+01
1.334335657146208654e+01
1.334335657150686494e+01
1.334335657155060950e+01
1.334335657159334509e+01
1.334335657163509659e+01
1.334335657167588529e+01
1.334335657171573075e+01
1.334335657175465961e+01
1.334335657179268786e+01
1.334335657182983859e+01
1.334335657186613666e+01
1.334335657190159274e+01
1.334335657193623348e+01
1.334335657197007485e+01
1.334335657200313285e+01
1.334335657203543235e+01
1.334335657206698400e+01
1.334335657209780912e+01
1.334335657212792370e+01
1.334335657215734194e+01
1.334335657218608340e+01
1.334335657221416049e+01
1.334335657224159100e+01
1.334335657226838912e+01
1.334335657229456729e+01
1.334335657232014150e+01
1.334335657234512595e+01
1.334335657236953487e+01
1.334335657239338246e+01
1.334335657241667761e+01
1.334335657243943629e+01
1.334335657246166917e+01
1.334335657248339047e+01
1.334335657250460905e+01
1.334335657252534091e+01
1.334335657254558960e+01
1.334335657256537466e+01
1.334335657258470320e+01
1.334335657260358587e+01
1.334335657262203334e+01
1.334335657264005448e+01
1.334335657265765818e+01
1.334335657267485864e+01
1.334335657269166475e+01
1.334335657270807829e+01
1.334335657272411524e+01
1.334335657273978093e+01
1.334335657275508602e+01
1.334335657277003762e+01
1.334335657278464460e+01
1.334335657279891585e+01
1.334335657281285492e+01
1.334335657282647425e+01
1.334335657283977916e+01
1.334335657285277676e+01
1.334335657286547772e+01
1.334335657287788379e+01
1.334335657289000210e+01
1.334335657290184152e+01
1.334335657291340738e+01
1.334335657292470856e+01
1.334335657293575039e+01
1.334335657294653110e+01
1.334335657295706845e+01
1.334335657296736066e+01
1.334335657297741839e+01
1.334335657298723987e+01
1.334335657299683753e+01
1.334335657300621314e+01
1.334335657301537204e+01
1.334335657302432132e+01
1.334335657303306100e+01
1.334335657304160172e+01
1.334335657304994527e+01
1.334335657305809519e+01
1.334335657306605682e+01
1.334335657307383549e+01
1.334335657308143475e+01
1.334335657308885814e+01
1.334335657309611101e+01
1.334335657310319689e+01
1.334335657311012113e+01
1.334335657311688195e+01
1.334335657312348822e+01
1.334335657312994350e+01
1.334335657313624779e+01
1.334335657314240819e+01
1.334335657314842649e+01
1.334335657315430268e+01
1.334335657316004742e+01
1.334335657316565715e+01
1.334335657317114077e+01
1.334335657317649293e+01
1.334335657318172430e+01
1.334335657318683310e+01
1.334335657319182644e+01
1.334335657319670609e+01
1.334335657320147028e+01
1.334335657320612611e+01
1.334335657321067359e+01
1.334335657321511448e+01
1.334335657321945767e+01
1.334335657322369606e+01
1.334335657322783852e+01
1.334335657323188506e+01
1.334335657323583924e+01
1.334335657323970281e+01
1.334335657324347579e+01
1.334335657324716351e+01
1.334335657325076419e+01
1.334335657325428137e+01
1.334335657325772040e+01
1.334335657326107594e+01
1.334335657326435509e+01
1.334335657326756142e+01
1.334335657327069136e+01
1.334335657327375024e+01
1.334335657327673808e+01
1.334335657327965663e+01
1.334335657328250768e+01
1.334335657328529301e+01
1.334335657328801439e+01
1.334335657329067359e+01
1.334335657329327240e+01
1.334335657329580727e+01
1.334335657329828528e+01
1.334335657330070646e+01
1.334335657330307612e+01
1.334335657330538361e+01
1.334335657330764491e+01
1.334335657330984937e+01
1.334335657331200586e+01
1.334335657331411085e+01
1.334335657331616609e+01
1.334335657331817337e+01
1.334335657332013803e+01
1.334335657332205827e+01
1.334335657332393055e+01
1.334335657332575842e+01
1.334335657332754899e+01
1.334335657332929692e+01
1.334335657333100222e+01
1.334335657333266845e+01
1.334335657333429914e+01
1.334335657333588898e+01
1.334335657333744329e+01
1.334335657333896030e+01
1.334335657334044534e+01
1.334335657334189662e+01
1.334335657334331060e+01
1.334335657334469438e+01
1.334335657334604619e+01
1.334335657334736425e+01
1.334335657334865566e+01
1.334335657334991510e+01
1.334335657335114611e+01
1.334335657335234870e+01
1.334335657335352465e+01
1.334335657335467040e+01
1.334335657335579128e+01
1.334335657335688730e+01
1.334335657335795844e+01
1.334335657335900116e+01
1.334335657336002434e+01
1.334335657336102088e+01
1.334335657336199610e+01
1.334335657336294823e+01
1.334335657336387548e+01
1.334335657336478498e+01
1.334335657336567671e+01
1.334335657336654357e+01
1.334335657336738912e+01
1.334335657336821690e+01
1.334335657336902692e+01
1.334335657336981740e+01
1.334335657337058834e+01
1.334335657337134329e+01
1.334335657337208048e+01
1.334335657337279812e+01
1.334335657337350334e+01
1.334335657337418724e+01
1.334335657337485870e+01
1.334335657337551240e+01
1.334335657337615366e+01
1.334335657337678249e+01
1.334335657337739178e+01
1.334335657337798864e+01
1.334335657337857306e+01
1.334335657337914149e+01
1.334335657337969927e+01
1.334335657338024284e+01
1.334335657338077397e+01
1.334335657338129266e+01
1.334335657338180070e+01
1.334335657338229275e+01
1.334335657338277947e+01
1.334335657338325376e+01
1.334335657338371384e+01
1.334335657338416503e+01
1.334335657338460557e+01
1.334335657338503545e+01
1.334335657338545822e+01
1.334335657338586856e+01
1.334335657338627001e+01
1.334335657338665904e+01
1.334335657338704628e+01
1.334335657338741754e+01
1.334335657338778525e+01
1.334335657338814229e+01
1.334335657338849224e+01
1.334335657338883330e+01
1.334335657338916548e+01
1.334335657338949233e+01
1.334335657338980852e+01
1.334335657339011938e+01
1.334335657339042136e+01
1.334335657339071979e+01
1.334335657339101111e+01
1.334335657339129000e+01
1.334335657339156711e+01
1.334335657339183889e+01
1.334335657339210179e+01
1.334335657339236114e+01
1.334335657339261161e+01
1.334335657339285675e+01
1.334335657339309655e+01
1.334335657339333281e+01
1.334335657339356196e+01
1.334335657339378400e+01
1.334335657339400250e+01
1.334335657339421743e+01
1.334335657339442527e+01
1.334335657339463133e+01
1.334335657339483028e+01
1.334335657339502568e+01
1.334335657339521219e+01
1.334335657339540226e+01
1.334335657339558168e+01
1.334335657339575931e+01
1.334335657339593340e+01
1.334335657339610393e+01
1.334335657339626735e+01
1.334335657339642900e+01
1.334335657339658887e+01
1.334335657339673986e+01
1.334335657339689263e+01
1.334335657339704007e+01
1.334335657339718395e+01
1.334335657339732251e+01
1.334335657339746106e+01
1.334335657339759607e+01
1.334335657339772752e+01
1.334335657339785541e+01
1.334335657339797976e+01
1.334335657339810055e+01
1.334335657339822134e+01
1.334335657339833681e+01
1.334335657339845049e+01
1.334335657339856240e+01
1.334335657339867076e+01
1.334335657339877734e+01
1.334335657339888037e+01
1.334335657339898340e+01
1.334335657339908110e+01
1.334335657339917880e+01
1.334335657339927295e+01
1.334335657339936532e+01
1.334335657339945591e+01
1.334335657339954473e+01
1.334335657339962822e+01
1.334335657339971526e+01
1.334335657339979697e+01
1.334335657339987691e+01
1.334335657339995507e+01
1.334335657340003145e+01
1.334335657340010606e+01
1.334335657340017889e+01
1.334335657340024994e+01
1.334335657340031922e+01
1.334335657340038850e+01
1.334335657340045422e+01
1.334335657340051995e+01
1.334335657340058390e+01
1.334335657340064429e+01
1.334335657340070647e+01
1.334335657340076331e+01
1.334335657340082193e+01
1.334335657340087877e+01
1.334335657340093384e+01
1.334335657340098891e+01
1.334335657340104042e+01
1.334335657340109194e+01
1.334335657340114345e+01
1.334335657340119319e+01
1.334335657340123760e+01
1.334335657340128733e+01
1.334335657340133174e+01
1.334335657340137615e+01
1.334335657340142056e+01
1.334335657340146319e+01
1.334335657340150405e+01
1.334335657340154668e+01
1.334335657340158576e+01
1.334335657340162484e+01
1.334335657340166392e+01
1.334335657340169945e+01
1.334335657340173675e+01
1.334335657340177050e+01
1.334335657340180603e+01
1.334335657340183801e+01
1.334335657340187176e+01
1.334335657340190373e+01
1.334335657340193571e+01
1.334335657340196590e+01
1.334335657340199788e+01
1.334335657340202985e+01
1.334335657340205650e+01
1.334335657340208314e+01
1.334335657340211156e+01
1.334335657340213821e+01
1.334335657340216308e+01
1.334335657340218795e+01
1.334335657340221282e+01
1.334335657340223946e+01
1.334335657340226433e+01
1.334335657340228387e+01
1.334335657340230696e+01
1.334335657340233183e+01
1.334335657340235315e+01
1.334335657340237447e+01
1.334335657340239401e+01
1.334335657340241532e+01
1.334335657340243486e+01
1.334335657340245440e+01
1.334335657340247216e+01
1.334335657340249348e+01
1.334335657340250947e+01
1.334335657340252723e+01
1.334335657340254322e+01
1.334335657340256098e+01
1.334335657340257697e+01
1.334335657340259296e+01
1.334335657340260894e+01
1.334335657340262493e+01
1.334335657340263914e+01
1.334335657340265513e+01
1.334335657340266756e+01
1.334335657340268355e+01
1.334335657340269599e+01
1.334335657340270842e+01
1.334335657340272085e+01
1.334335657340273507e+01
1.334335657340274750e+01
1.334335657340276171e+01
1.334335657340277237e+01
1.334335657340278125e+01
1.334335657340279546e+01
1.334335657340280434e+01
1.334335657340281678e+01
1.334335657340282566e+01
1.334335657340283809e+01
1.334335657340284875e+01
1.334335657340285763e+01
1.334335657340286652e+01
1.334335657340287540e+01
1.334335657340288428e+01
1.334335657340289316e+01
1.334335657340290204e+01
1.334335657340291093e+01
1.334335657340291803e+01
1.334335657340292514e+01
1.334335657340293402e+01
1.334335657340294290e+01
1.334335657340295000e+01
1.334335657340295711e+01
1.334335657340296599e+01
1.334335657340297132e+01
1.334335657340297843e+01
1.334335657340298376e+01
1.334335657340299086e+01
1.334335657340299797e+01
1.334335657340300330e+01
1.334335657340300862e+01
1.334335657340301573e+01
1.334335657340302284e+01
1.334335657340302994e+01
1.334335657340303527e+01
1.334335657340303882e+01
1.334335657340304593e+01
1.334335657340304948e+01
1.334335657340305659e+01
1.334335657340306192e+01
1.334335657340306369e+01
1.334335657340307080e+01
1.334335657340307613e+01
1.334335657340307968e+01
1.334335657340308501e+01
1.334335657340308856e+01
1.334335657340309389e+01
1.334335657340309567e+01
1.334335657340310277e+01
1.334335657340310455e+01
1.334335657340310632e+01
1.334335657340311165e+01
1.334335657340311698e+01
1.334335657340312054e+01
1.334335657340312231e+01
1.334335657340312764e+01
1.334335657340312942e+01
1.334335657340313475e+01
1.334335657340313652e+01
1.334335657340313830e+01
1.334335657340314363e+01
1.334335657340314540e+01
1.334335657340315073e+01
1.334335657340315251e+01
1.334335657340315429e+01
1.334335657340315784e+01
1.334335657340315962e+01
1.334335657340316317e+01
1.334335657340316672e+01
1.334335657340316850e+01
1.334335657340317027e+01
1.334335657340317383e+01
1.334335657340317560e+01
1.334335657340317560e+01
1.334335657340317915e+01
1.334335657340317915e+01
1.334335657340318271e+01
1.334335657340318448e+01
1.334335657340318626e+01
1.334335657340318981e+01
1.334335657340319159e+01
1.334335657340319337e+01
1.334335657340319337e+01
1.334335657340319514e+01
1.334335657340319869e+01
1.334335657340319869e+01
1.334335657340320225e+01
1.334335657340320225e+01
1.334335657340320580e+01
1.334335657340320580e+01
1.334335657340320758e+01
1.334335657340320758e+01
1.334335657340321113e+01
1.334335657340321113e+01
1.334335657340321113e+01
1.334335657340321468e+01
1.334335657340321646e+01
1.334335657340321823e+01
1.334335657340321823e+01
1.334335657340322001e+01
1.334335657340322001e+01
1.334335657340322001e+01
1.334335657340322001e+01
1.334335657340322356e+01
1.334335657340322534e+01
1.334335657340322534e+01
1.334335657340322534e+01
1.334335657340322534e+01
1.334335657340322712e+01
1.334335657340322712e+01
1.334335657340323067e+01
1.334335657340323067e+01
1.334335657340323067e+01
1.334335657340323067e+01
1.334335657340323245e+01
1.334335657340323422e+01
1.334335657340323422e+01
1.334335657340323422e+01
1.334335657340323422e+01
1.334335657340323422e+01
1.334335657340323600e+01
1.334335657340323600e+01
1.334335657340323600e+01
1.334335657340323600e+01
1.334335657340323600e+01
1.334335657340323600e+01
1.334335657340323955e+01
1.334335657340323955e+01
1.334335657340323955e+01
1.334335657340323955e+01
1.334335657340323955e+01
1.334335657340323955e+01
1.334335657340323955e+01
1.334335657340323955e+01
1.334335657340323955e+01
1.334335657340323955e+01
1.334335657340324133e+01
1.334335657340324133e+01
1.334335657340324133e+01
1.334335657340324133e+01
1.334335657340324133e+01
1.334335657340324133e+01
1.334335657340324133e+01
1.334335657340324133e+01
1.334335657340324133e+01
1.334335657340324133e+01
1.334335657340324133e+01
1.334335657340324133e+01
1.334335657340324133e+01
1.334335657340324133e+01
1.334335657340324133e+01
1.334335657340324133e+01
1.334335657340324133e+01
1.334335657340324133e+01
1.334335657340324133e+01
1.334335657340324133e+01
1.334335657340324133e+01
1.334335657340324133e+01
1.334335657340324133e+01
1.334335657340324133e+01
1.334335657340324133e+01
1.334335657340324133e+01
1.334335657340324133e+01
1.334335657340324133e+01
1.334335657340324133e+01
1.334335657340324133e+01
1.334335657340324133e+01
1.334335657340324133e+01
1.334335657340324133e+01
1.334335657340324133e+01
1.334335657340324133e+01
1.334335657340324133e+01
1.334335657340324133e+01
1.334335657340324133e+01
1.334335657340324133e+01
1.334335657340324133e+01
1.334335657340324133e+01
1.334335657340324133e+01
1.334335657340324133e+01
1.334335657340324133e+01
1.334335657340324133e+01
1.334335657340324133e+01
1.334335657340324133e+01
1.334335657340324133e+01
1.334335657340324133e+01
1.334335657340324133e+01
1.334335657340324133e+01
1.334335657340324133e+01
1.334335657340324133e+01
1.334335657340324133e+01
1.334335657340324133e+01
1.334335657340324133e+01
1.334335657340324133e+01
1.334335657340324133e+01
1.334335657340324133e+01
1.334335657340324133e+01
1.334335657340324133e+01
1.334335657340324133e+01
1.334335657340324133e+01
1.334335657340324133e+01
1.334335657340324133e+01
1.334335657340324133e+01
1.334335657340324133e+01
1.334335657340324133e+01
1.334335657340324133e+01
1.334335657340324133e+01
1.334335657340324133e+01
1.334335657340324133e+01
1.334335657340324133e+01
1.334335657340324133e+01
1.334335657340324133e+01
1.334335657340324133e+01
1.334335657340324133e+01
1.334335657340324133e+01
1.334335657340324133e+01
1.334335657340324133e+01
1.334335657340324133e+01
1.334335657340324133e+01
1.334335657340324133e+01
1.334335657340324133e+01
1.334335657340324133e+01
1.334335657340324133e+01
1.334335657340324133e+01
1.334335657340324133e+01
1.334335657340324133e+01
1.334335657340324133e+01
1.334335657340324133e+01
1.334335657340324133e+01
1.334335657340324133e+01
1.334335657340324133e+01
1.334335657340324133e+01
1.334335657340324133e+01
1.334335657340324133e+01
1.334335657340324133e+01
1.334335657340324133e+01
1.334335657340324133e+01
1.334335657340324133e+01
1.334335657340324133e+01
1.334335657340324133e+01
1.334335657340324133e+01
1.334335657340324133e+01
1.334335657340324133e+01
1.334335657340324133e+01
1.334335657340324133e+01
1.334335657340324133e+01
1.334335657340324133e+01
1.334335657340324133e+01
1.334335657340324133e+01
1.334335657340324133e+01
1.334335657340324133e+01
1.334335657340324133e+01
1.334335657340324133e+01
1.334335657340324133e+01
1.334335657340324133e+01
1.334335657340324133e+01
1.334335657340324133e+01
1.334335657340324133e+01
1.334335657340324133e+01
1.334335657340324133e+01
1.334335657340324133e+01
1.334335657340324133e+01
1.334335657340324133e+01
1.334335657340324133e+01
1.334335657340324133e+01
1.334335657340324133e+01
1.334335657340324133e+01
1.334335657340324133e+01
1.334335657340324133e+01
1.334335657340324133e+01
1.334335657340324133e+01
1.334335657340324133e+01
1.334335657340324133e+01
1.334335657340324133e+01
1.334335657340324133e+01
1.334335657340324133e+01
1.334335657340324133e+01
1.334335657340324133e+01
1.334335657340324133e+01
1.334335657340324133e+01
1.334335657340324133e+01
1.334335657340324133e+01
1.334335657340324133e+01
1.334335657340324133e+01
1.334335657340324133e+01
1.334335657340324133e+01
1.334335657340324133e+01
1.334335657340324133e+01
1.334335657340324133e+01
1.334335657340324133e+01
1.334335657340324133e+01
1.334335657340324133e+01
1.334335657340324133e+01
1.334335657340324133e+01
1.334335657340324133e+01
1.334335657340324133e+01
1.334335657340324133e+01
1.334335657340324133e+01
1.334335657340324133e+01
1.334335657340324133e+01
1.334335657340324133e+01
1.334335657340324133e+01
1.334335657340324133e+01
1.334335657340324133e+01
1.334335657340324133e+01
1.334335657340324133e+01
1.334335657340324133e+01
1.334335657340324133e+01
1.334335657340324133e+01
1.334335657340324133e+01
1.334335657340324133e+01
1.334335657340324133e+01
1.334335657340324133e+01
1.334335657340324133e+01
1.334335657340324133e+01
1.334335657340324133e+01
1.334335657340324133e+01
1.334335657340324133e+01
1.334335657340324133e+01
1.334335657340324133e+01
1.334335657340324133e+01
1.334335657340324133e+01
1.334335657340324133e+01
1.334335657340324133e+01
1.334335657340324133e+01
1.334335657340324133e+01
1.334335657340324133e+01
1.334335657340324133e+01
1.334335657340324133e+01
1.334335657340324133e+01
1.334335657340324133e+01
1.334335657340324133e+01
1.334335657340324133e+01
1.334335657340324133e+01
1.334335657340324133e+01
1.334335657340324133e+01
1.334335657340324133e+01
1.334335657340324133e+01
1.334335657340324133e+01
1.334335657340324133e+01
1.334335657340324133e+01
1.334335657340324133e+01
1.334335657340324133e+01
1.334335657340324133e+01
1.334335657340324133e+01
1.334335657340324133e+01
1.334335657340324133e+01
1.334335657340324133e+01
1.334335657340324133e+01
1.334335657340324133e+01
1.334335657340324133e+01
1.334335657340324133e+01
1.334335657340324133e+01
1.334335657340324133e+01
1.334335657340324133e+01
1.334335657340324133e+01
1.334335657340324133e+01
1.334335657340324133e+01
1.334335657340324133e+01
1.334335657340324133e+01
1.334335657340324133e+01
1.334335657340324133e+01
1.334335657340324133e+01
1.334335657340324133e+01
1.334335657340324133e+01
1.334335657340324133e+01
1.334335657340324133e+01
1.334335657340324133e+01
1.334335657340324133e+01
1.334335657340324133e+01
1.334335657340324133e+01
1.334335657340324133e+01
1.334335657340324133e+01
1.334335657340324133e+01
1.334335657340324133e+01
1.334335657340324133e+01
1.334335657340324133e+01
1.334335657340324133e+01
1.334335657340324133e+01
1.334335657340324133e+01
1.334335657340324133e+01
1.334335657340324133e+01
1.334335657340324133e+01
1.334335657340324133e+01
1.334335657340324133e+01
1.334335657340324133e+01
1.334335657340324133e+01
1.334335657340324133e+01
1.334335657340324133e+01
1.334335657340324133e+01
1.334335657340324133e+01
1.334335657340324133e+01
1.334335657340324133e+01
1.334335657340324133e+01
1.334335657340324133e+01
1.334335657340324133e+01
1.334335657340324133e+01
1.334335657340324133e+01
1.334335657340324133e+01
1.334335657340324133e+01
1.334335657340324133e+01
1.334335657340324133e+01
1.334335657340324133e+01
1.334335657340324133e+01
1.334335657340324133e+01
1.334335657340324133e+01
1.334335657340324133e+01
1.334335657340324133e+01
1.334335657340324133e+01
1.334335657340324133e+01
1.334335657340324133e+01
1.334335657340324133e+01
1.334335657340324133e+01
1.334335657340324133e+01
1.334335657340324133e+01
1.334335657340324133e+01
1.334335657340324133e+01
1.334335657340324133e+01
1.334335657340324133e+01
1.334335657340324133e+01
1.334335657340324133e+01
1.334335657340324133e+01
1.334335657340324133e+01
1.334335657340324133e+01
1.334335657340324133e+01
1.334335657340324133e+01
1.334335657340324133e+01
1.334335657340324133e+01
1.334335657340324133e+01
1.334335657340324133e+01
1.334335657340324133e+01
1.334335657340324133e+01
1.334335657340324133e+01
1.334335657340324133e+01
1.334335657340324133e+01
1.334335657340324133e+01
1.334335657340324133e+01
1.334335657340324133e+01
1.334335657340324133e+01
1.334335657340324133e+01
1.334335657340324133e+01
1.334335657340324133e+01
1.334335657340324133e+01
1.334335657340324133e+01
1.334335657340324133e+01
1.334335657340324133e+01
1.334335657340324133e+01
1.334335657340324133e+01
1.334335657340324133e+01
1.334335657340324133e+01
1.334335657340324133e+01
1.334335657340324133e+01
1.334335657340324133e+01
1.334335657340324133e+01
1.334335657340324133e+01
1.334335657340324133e+01
1.334335657340324133e+01
1.334335657340324133e+01
1.334335657340324133e+01
1.334335657340324133e+01
1.334335657340324133e+01
1.334335657340324133e+01
1.334335657340324133e+01
1.334335657340324133e+01
1.334335657340324133e+01
1.334335657340324133e+01
1.334335657340324133e+01
1.334335657340324133e+01
1.334335657340324133e+01
1.334335657340324133e+01
1.334335657340324133e+01
1.334335657340324133e+01
1.334335657340324133e+01
1.334335657340324133e+01
1.334335657340324133e+01
1.334335657340324133e+01
1.334335657340324133e+01
1.334335657340324133e+01
1.334335657340324133e+01
1.334335657340324133e+01
1.334335657340324133e+01
1.334335657340324133e+01
1.334335657340324133e+01
1.334335657340324133e+01
1.334335657340324133e+01
1.334335657340324133e+01
1.334335657340324133e+01
1.334335657340324133e+01
1.334335657340324133e+01
1.334335657340324133e+01
1.334335657340324133e+01
1.334335657340324133e+01
1.334335657340324133e+01
1.334335657340324133e+01
1.334335657340324133e+01
1.334335657340324133e+01
1.334335657340324133e+01
1.334335657340324133e+01
1.334335657340324133e+01
1.334335657340324133e+01
1.334335657340324133e+01
1.334335657340324133e+01
1.334335657340324133e+01
1.334335657340324133e+01
1.334335657340324133e+01
1.334335657340324133e+01
1.334335657340324133e+01
1.334335657340324133e+01
1.334335657340324133e+01
1.334335657340324133e+01
1.334335657340324133e+01
1.334335657340324133e+01
1.334335657340324133e+01
1.334335657340324133e+01
1.334335657340324133e+01
1.334335657340324133e+01
1.334335657340324133e+01
1.334335657340324133e+01
1.334335657340324133e+01
1.334335657340324133e+01
1.334335657340324133e+01
1.334335657340324133e+01
1.334335657340324133e+01
1.334335657340324133e+01
1.334335657340324133e+01
1.334335657340324133e+01
1.334335657340324133e+01
1.334335657340324133e+01
1.334335657340324133e+01
1.334335657340324133e+01
1.334335657340324133e+01
1.334335657340324133e+01
1.334335657340324133e+01
1.334335657340324133e+01
1.334335657340324133e+01
1.334335657340324133e+01
1.334335657340324133e+01
1.334335657340324133e+01
1.334335657340324133e+01
1.334335657340324133e+01
1.334335657340324133e+01
1.334335657340324133e+01
1.334335657340324133e+01
1.334335657340324133e+01
1.334335657340324133e+01
1.334335657340324133e+01
1.334335657340324133e+01
1.334335657340324133e+01
1.334335657340324133e+01
1.334335657340324133e+01
1.334335657340324133e+01
1.334335657340324133e+01
1.334335657340324133e+01
1.334335657340324133e+01
1.334335657340324133e+01
1.334335657340324133e+01
1.334335657340324133e+01
1.334335657340324133e+01
1.334335657340324133e+01
1.334335657340324133e+01
1.334335657340324133e+01
1.334335657340324133e+01
1.334335657340324133e+01
1.334335657340324133e+01
1.334335657340324133e+01
1.334335657340324133e+01
1.334335657340324133e+01
1.334335657340324133e+01
1.334335657340324133e+01
1.334335657340324133e+01
1.334335657340324133e+01
1.334335657340324133e+01
1.334335657340324133e+01
1.334335657340324133e+01
1.334335657340324133e+01
1.334335657340324133e+01
1.334335657340324133e+01
1.334335657340324133e+01
1.334335657340324133e+01
1.334335657340324133e+01
1.334335657340324133e+01
1.334335657340324133e+01
1.334335657340324133e+01
1.334335657340324133e+01
1.334335657340324133e+01
1.334335657340324133e+01
1.334335657340324133e+01
1.334335657340324133e+01
1.334335657340324133e+01
1.334335657340324133e+01
1.334335657340324133e+01
1.334335657340324133e+01
1.334335657340324133e+01
1.334335657340324133e+01
1.334335657340324133e+01
1.334335657340324133e+01
1.334335657340324133e+01
1.334335657340324133e+01
1.334335657340324133e+01
1.334335657340324133e+01
1.334335657340324133e+01
1.334335657340324133e+01
1.334335657340324133e+01
1.334335657340324133e+01
1.334335657340324133e+01
1.334335657340324133e+01
1.334335657340324133e+01
1.334335657340324133e+01
1.334335657340324133e+01
1.334335657340324133e+01
1.334335657340324133e+01
1.334335657340324133e+01
1.334335657340324133e+01
1.334335657340324133e+01
1.334335657340324133e+01
1.334335657340324133e+01
1.334335657340324133e+01
1.334335657340324133e+01
1.334335657340324133e+01
1.334335657340324133e+01
1.334335657340324133e+01
1.334335657340324133e+01
1.334335657340324133e+01
1.334335657340324133e+01
1.334335657340324133e+01
1.334335657340324133e+01
1.334335657340324133e+01
1.334335657340324133e+01
1.334335657340324133e+01
1.334335657340324133e+01
1.334335657340324133e+01
1.334335657340324133e+01
1.334335657340324133e+01
1.334335657340324133e+01
1.334335657340324133e+01
1.334335657340324133e+01
1.334335657340324133e+01
1.334335657340324133e+01
1.334335657340324133e+01
1.334335657340324133e+01
1.334335657340324133e+01
1.334335657340324133e+01
1.334335657340324133e+01
1.334335657340324133e+01
1.334335657340324133e+01
1.334335657340324133e+01
1.334335657340324133e+01
1.334335657340324133e+01
1.334335657340324133e+01
1.334335657340324133e+01
1.334335657340324133e+01
1.334335657340324133e+01
1.334335657340324133e+01
1.334335657340324133e+01
1.334335657340324133e+01
1.334335657340324133e+01
1.334335657340324133e+01
1.334335657340324133e+01
1.334335657340324133e+01
1.334335657340324133e+01
1.334335657340324133e+01
1.334335657340324133e+01
1.334335657340324133e+01
1.334335657340324133e+01
1.334335657340324133e+01
1.334335657340324133e+01
1.334335657340324133e+01
1.334335657340324133e+01
1.334335657340324133e+01
1.334335657340324133e+01
1.334335657340324133e+01
1.334335657340324133e+01
1.334335657340324133e+01
1.334335657340324133e+01
1.334335657340324133e+01
1.334335657340324133e+01
1.334335657340324133e+01
1.334335657340324133e+01
1.334335657340324133e+01
1.334335657340324133e+01
1.334335657340324133e+01
1.334335657340324133e+01
1.334335657340324133e+01
1.334335657340324133e+01
1.334335657340324133e+01
1.334335657340324133e+01
1.334335657340324133e+01
1.334335657340324133e+01
1.334335657340324133e+01
1.334335657340324133e+01
1.334335657340324133e+01
1.334335657340324133e+01
1.334335657340324133e+01
1.334335657340324133e+01
1.334335657340324133e+01
1.334335657340324133e+01
1.334335657340324133e+01
1.334335657340324133e+01
1.334335657340324133e+01
1.334335657340324133e+01
1.334335657340324133e+01
1.334335657340324133e+01
1.334335657340324133e+01
1.334335657340324133e+01
1.334335657340324133e+01
1.334335657340324133e+01
1.334335657340324133e+01
1.334335657340324133e+01
1.334335657340324133e+01
1.334335657340324133e+01
1.334335657340324133e+01
1.334335657340324133e+01
1.334335657340324133e+01
1.334335657340324133e+01
1.334335657340324133e+01
1.334335657340324133e+01
1.334335657340324133e+01
1.334335657340324133e+01
1.334335657340324133e+01
1.334335657340324133e+01
1.334335657340324133e+01
1.334335657340324133e+01
1.334335657340324133e+01
1.334335657340324133e+01
1.334335657340324133e+01
1.334335657340324133e+01
1.334335657340324133e+01
1.334335657340324133e+01
1.334335657340324133e+01
1.334335657340324133e+01
1.334335657340324133e+01
1.334335657340324133e+01
1.334335657340324133e+01
1.334335657340324133e+01
1.334335657340324133e+01
1.334335657340324133e+01
1.334335657340324133e+01
1.334335657340324133e+01
1.334335657340324133e+01
1.334335657340324133e+01
1.334335657340324133e+01
1.334335657340324133e+01
1.334335657340324133e+01
1.334335657340324133e+01
1.334335657340324133e+01
1.334335657340324133e+01
1.334335657340324133e+01
1.334335657340324133e+01
1.334335657340324133e+01
1.334335657340324133e+01
1.334335657340324133e+01
1.334335657340324133e+01
1.334335657340324133e+01
1.334335657340324133e+01
1.334335657340324133e+01
1.334335657340324133e+01
1.334335657340324133e+01
1.334335657340324133e+01
1.334335657340324133e+01
1.334335657340324133e+01
1.334335657340324133e+01
1.334335657340324133e+01
1.334335657340324133e+01
1.334335657340324133e+01
1.334335657340324133e+01
1.334335657340324133e+01
1.334335657340324133e+01
1.334335657340324133e+01
1.334335657340324133e+01
1.334335657340324133e+01
1.334335657340324133e+01
1.334335657340324133e+01
1.334335657340324133e+01
1.334335657340324133e+01
1.334335657340324133e+01
1.334335657340324133e+01
1.334335657340324133e+01
1.334335657340324133e+01
1.334335657340324133e+01
1.334335657340324133e+01
1.334335657340324133e+01
1.334335657340324133e+01
1.334335657340324133e+01
1.334335657340324133e+01
1.334335657340324133e+01
1.334335657340324133e+01
1.334335657340324133e+01
1.334335657340324133e+01
1.334335657340324133e+01
1.334335657340324133e+01
1.334335657340324133e+01
1.334335657340324133e+01
1.334335657340324133e+01
1.334335657340324133e+01
1.334335657340324133e+01
1.334335657340324133e+01
1.334335657340324133e+01
1.334335657340324133e+01
1.334335657340324133e+01
1.334335657340324133e+01
1.334335657340324133e+01
1.334335657340324133e+01
1.334335657340324133e+01
1.334335657340324133e+01
1.334335657340324133e+01
1.334335657340324133e+01
1.334335657340324133e+01
1.334335657340324133e+01
1.334335657340324133e+01
1.334335657340324133e+01
1.334335657340324133e+01
1.334335657340324133e+01
1.334335657340324133e+01
1.334335657340324133e+01
1.334335657340324133e+01
1.334335657340324133e+01
1.334335657340324133e+01
1.334335657340324133e+01
1.334335657340324133e+01
1.334335657340324133e+01
1.334335657340324133e+01
1.334335657340324133e+01
1.334335657340324133e+01
1.334335657340324133e+01
1.334335657340324133e+01
1.334335657340324133e+01
1.334335657340324133e+01
1.334335657340324133e+01
1.334335657340324133e+01
1.334335657340324133e+01
1.334335657340324133e+01
1.334335657340324133e+01
1.334335657340324133e+01
1.334335657340324133e+01
1.334335657340324133e+01
1.334335657340324133e+01
1.334335657340324133e+01
1.334335657340324133e+01
1.334335657340324133e+01
1.334335657340324133e+01
1.334335657340324133e+01
1.334335657340324133e+01
1.334335657340324133e+01
1.334335657340324133e+01
1.334335657340324133e+01
1.334335657340324133e+01
1.334335657340324133e+01
1.334335657340324133e+01
1.334335657340324133e+01
1.334335657340324133e+01
1.334335657340324133e+01
1.334335657340324133e+01
1.334335657340324133e+01
1.334335657340324133e+01
1.334335657340324133e+01
1.334335657340324133e+01
1.334335657340324133e+01
1.334335657340324133e+01
1.334335657340324133e+01
1.334335657340324133e+01
1.334335657340324133e+01
1.334335657340324133e+01
1.334335657340324133e+01
1.334335657340324133e+01
1.334335657340324133e+01
1.334335657340324133e+01
1.334335657340324133e+01
1.334335657340324133e+01
1.334335657340324133e+01
1.334335657340324133e+01
1.334335657340324133e+01
1.334335657340324133e+01
1.334335657340324133e+01
1.334335657340324133e+01
1.334335657340324133e+01
1.334335657340324133e+01
1.334335657340324133e+01
1.334335657340324133e+01
1.334335657340324133e+01
1.334335657340324133e+01
1.334335657340324133e+01
1.334335657340324133e+01
1.334335657340324133e+01
1.334335657340324133e+01
1.334335657340324133e+01
1.334335657340324133e+01
1.334335657340324133e+01
1.334335657340324133e+01
1.334335657340324133e+01
1.334335657340324133e+01
1.334335657340324133e+01
1.334335657340324133e+01
1.334335657340324133e+01
1.334335657340324133e+01
1.334335657340324133e+01
1.334335657340324133e+01
1.334335657340324133e+01
1.334335657340324133e+01
1.334335657340324133e+01
1.334335657340324133e+01
1.334335657340324133e+01
1.334335657340324133e+01
1.334335657340324133e+01
1.334335657340324133e+01
1.334335657340324133e+01
1.334335657340324133e+01
1.334335657340324133e+01
1.334335657340324133e+01
1.334335657340324133e+01
1.334335657340324133e+01
1.334335657340324133e+01
1.334335657340324133e+01
1.334335657340324133e+01
1.334335657340324133e+01
1.334335657340324133e+01
1.334335657340324133e+01
1.334335657340324133e+01
1.334335657340324133e+01
1.334335657340324133e+01
1.334335657340324133e+01
1.334335657340324133e+01
1.334335657340324133e+01
1.334335657340324133e+01
1.334335657340324133e+01
1.334335657340324133e+01
1.334335657340324133e+01
1.334335657340324133e+01
1.334335657340324133e+01
1.334335657340324133e+01
1.334335657340324133e+01
1.334335657340324133e+01
1.334335657340324133e+01
1.334335657340324133e+01
1.334335657340324133e+01
1.334335657340324133e+01
1.334335657340324133e+01
1.334335657340324133e+01
1.334335657340324133e+01
1.334335657340324133e+01
1.334335657340324133e+01
1.334335657340324133e+01
1.334335657340324133e+01
1.334335657340324133e+01
1.334335657340324133e+01
1.334335657340324133e+01
1.334335657340324133e+01
1.334335657340324133e+01
1.334335657340324133e+01
1.334335657340324133e+01
1.334335657340324133e+01
1.334335657340324133e+01
1.334335657340324133e+01
1.334335657340324133e+01
1.334335657340324133e+01
1.334335657340324133e+01
1.334335657340324133e+01
1.334335657340324133e+01
1.334335657340324133e+01
1.334335657340324133e+01
1.334335657340324133e+01
1.334335657340324133e+01
1.334335657340324133e+01
1.334335657340324133e+01
1.334335657340324133e+01
1.334335657340324133e+01
1.334335657340324133e+01
1.334335657340324133e+01
1.334335657340324133e+01
1.334335657340324133e+01
1.334335657340324133e+01
1.334335657340324133e+01
1.334335657340324133e+01
1.334335657340324133e+01
1.334335657340324133e+01
1.334335657340324133e+01
1.334335657340324133e+01
1.334335657340324133e+01
1.334335657340324133e+01
1.334335657340324133e+01
1.334335657340324133e+01
1.334335657340324133e+01
1.334335657340324133e+01
1.334335657340324133e+01
1.334335657340324133e+01
1.334335657340324133e+01
1.334335657340324133e+01
1.334335657340324133e+01
1.334335657340324133e+01
1.334335657340324133e+01
1.334335657340324133e+01
1.334335657340324133e+01
1.334335657340324133e+01
1.334335657340324133e+01
1.334335657340324133e+01
1.334335657340324133e+01
1.334335657340324133e+01
1.334335657340324133e+01
1.334335657340324133e+01
1.334335657340324133e+01
1.334335657340324133e+01
1.334335657340324133e+01
1.334335657340324133e+01
1.334335657340324133e+01
1.334335657340324133e+01
1.334335657340324133e+01
1.334335657340324133e+01
1.334335657340324133e+01
1.334335657340324133e+01
1.334335657340324133e+01
1.334335657340324133e+01
1.334335657340324133e+01
1.334335657340324133e+01
1.334335657340324133e+01
1.334335657340324133e+01
1.334335657340324133e+01
1.334335657340324133e+01
1.334335657340324133e+01
1.334335657340324133e+01
1.334335657340324133e+01
1.334335657340324133e+01
1.334335657340324133e+01
1.334335657340324133e+01
1.334335657340324133e+01
1.334335657340324133e+01
1.334335657340324133e+01
1.334335657340324133e+01
1.334335657340324133e+01
1.334335657340324133e+01
1.334335657340324133e+01
1.334335657340324133e+01
1.334335657340324133e+01
1.334335657340324133e+01
1.334335657340324133e+01
1.334335657340324133e+01
1.334335657340324133e+01
1.334335657340324133e+01
1.334335657340324133e+01
1.334335657340324133e+01
1.334335657340324133e+01
1.334335657340324133e+01
1.334335657340324133e+01
1.334335657340324133e+01
1.334335657340324133e+01
1.334335657340324133e+01
1.334335657340324133e+01
1.334335657340324133e+01
1.334335657340324133e+01
1.334335657340324133e+01
1.334335657340324133e+01
1.334335657340324133e+01
1.334335657340324133e+01
1.334335657340324133e+01
1.334335657340324133e+01
1.334335657340324133e+01
1.334335657340324133e+01
1.334335657340324133e+01
1.334335657340324133e+01
1.334335657340324133e+01
1.334335657340324133e+01
1.334335657340324133e+01
1.334335657340324133e+01
1.334335657340324133e+01
1.334335657340324133e+01
1.334335657340324133e+01
1.334335657340324133e+01
1.334335657340324133e+01
1.334335657340324133e+01
1.334335657340324133e+01
1.334335657340324133e+01
1.334335657340324133e+01
1.334335657340324133e+01
1.334335657340324133e+01
1.334335657340324133e+01
1.334335657340324133e+01
1.334335657340324133e+01
1.334335657340324133e+01
1.334335657340324133e+01
1.334335657340324133e+01
1.334335657340324133e+01
1.334335657340324133e+01
1.334335657340324133e+01
1.334335657340324133e+01
1.334335657340324133e+01
1.334335657340324133e+01
1.334335657340324133e+01
1.334335657340324133e+01
1.334335657340324133e+01
1.334335657340324133e+01
1.334335657340324133e+01
1.334335657340324133e+01
1.334335657340324133e+01
1.334335657340324133e+01
1.334335657340324133e+01
1.334335657340324133e+01
1.334335657340324133e+01
1.334335657340324133e+01
1.334335657340324133e+01
1.334335657340324133e+01
1.334335657340324133e+01
1.334335657340324133e+01
1.334335657340324133e+01
1.334335657340324133e+01
1.334335657340324133e+01
1.334335657340324133e+01
1.334335657340324133e+01
1.334335657340324133e+01
1.334335657340324133e+01
1.334335657340324133e+01
1.334335657340324133e+01
1.334335657340324133e+01
1.334335657340324133e+01
1.334335657340324133e+01
1.334335657340324133e+01
1.334335657340324133e+01
1.334335657340324133e+01
1.334335657340324133e+01
1.334335657340324133e+01
1.334335657340324133e+01
1.334335657340324133e+01
1.334335657340324133e+01
1.334335657340324133e+01
1.334335657340324133e+01
1.334335657340324133e+01
1.334335657340324133e+01
1.334335657340324133e+01
1.334335657340324133e+01
1.334335657340324133e+01
1.334335657340324133e+01
1.334335657340324133e+01
1.334335657340324133e+01
1.334335657340324133e+01
1.334335657340324133e+01
1.334335657340324133e+01
1.334335657340324133e+01
1.334335657340324133e+01
1.334335657340324133e+01
1.334335657340324133e+01
1.334335657340324133e+01
1.334335657340324133e+01
1.334335657340324133e+01
1.334335657340324133e+01
1.334335657340324133e+01
1.334335657340324133e+01
1.334335657340324133e+01
1.334335657340324133e+01
1.334335657340324133e+01
1.334335657340324133e+01
1.334335657340324133e+01
1.334335657340324133e+01
1.334335657340324133e+01
1.334335657340324133e+01
1.334335657340324133e+01
1.334335657340324133e+01
1.334335657340324133e+01
1.334335657340324133e+01
1.334335657340324133e+01
1.334335657340324133e+01
1.334335657340324133e+01
1.334335657340324133e+01
1.334335657340324133e+01
1.334335657340324133e+01
1.334335657340324133e+01
1.334335657340324133e+01
1.334335657340324133e+01
1.334335657340324133e+01
1.334335657340324133e+01
1.334335657340324133e+01
1.334335657340324133e+01
1.334335657340324133e+01
1.334335657340324133e+01
1.334335657340324133e+01
1.334335657340324133e+01
1.334335657340324133e+01
1.334335657340324133e+01
1.334335657340324133e+01
1.334335657340324133e+01
1.334335657340324133e+01
1.334335657340324133e+01
1.334335657340324133e+01
1.334335657340324133e+01
1.334335657340324133e+01
1.334335657340324133e+01
1.334335657340324133e+01
1.334335657340324133e+01
1.334335657340324133e+01
1.334335657340324133e+01
1.334335657340324133e+01
1.334335657340324133e+01
1.334335657340324133e+01
1.334335657340324133e+01
1.334335657340324133e+01
1.334335657340324133e+01
1.334335657340324133e+01
1.334335657340324133e+01
1.334335657340324133e+01
1.334335657340324133e+01
1.334335657340324133e+01
1.334335657340324133e+01
1.334335657340324133e+01
1.334335657340324133e+01
1.334335657340324133e+01
1.334335657340324133e+01
1.334335657340324133e+01
1.334335657340324133e+01
1.334335657340324133e+01
1.334335657340324133e+01
1.334335657340324133e+01
1.334335657340324133e+01
1.334335657340324133e+01
1.334335657340324133e+01
1.334335657340324133e+01
1.334335657340324133e+01
1.334335657340324133e+01
1.334335657340324133e+01
1.334335657340324133e+01
1.334335657340324133e+01
1.334335657340324133e+01
1.334335657340324133e+01
1.334335657340324133e+01
1.334335657340324133e+01
1.334335657340324133e+01
1.334335657340324133e+01
1.334335657340324133e+01
1.334335657340324133e+01
1.334335657340324133e+01
1.334335657340324133e+01
1.334335657340324133e+01
1.334335657340324133e+01
1.334335657340324133e+01
1.334335657340324133e+01
1.334335657340324133e+01
1.334335657340324133e+01
1.334335657340324133e+01
1.334335657340324133e+01
1.334335657340324133e+01
1.334335657340324133e+01
1.334335657340324133e+01
1.334335657340324133e+01
1.334335657340324133e+01
1.334335657340324133e+01
1.334335657340324133e+01
1.334335657340324133e+01
1.334335657340324133e+01
1.334335657340324133e+01
1.334335657340324133e+01
1.334335657340324133e+01
1.334335657340324133e+01
1.334335657340324133e+01
1.334335657340324133e+01
1.334335657340324133e+01
1.334335657340324133e+01
1.334335657340324133e+01
1.334335657340324133e+01
1.334335657340324133e+01
1.334335657340324133e+01
1.334335657340324133e+01
1.334335657340324133e+01
1.334335657340324133e+01
1.334335657340324133e+01
1.334335657340324133e+01
1.334335657340324133e+01
1.334335657340324133e+01
1.334335657340324133e+01
1.334335657340324133e+01
1.334335657340324133e+01
1.334335657340324133e+01
1.334335657340324133e+01
1.334335657340324133e+01
1.334335657340324133e+01
1.334335657340324133e+01
1.334335657340324133e+01
1.334335657340324133e+01
1.334335657340324133e+01
1.334335657340324133e+01
1.334335657340324133e+01
1.334335657340324133e+01
1.334335657340324133e+01
1.334335657340324133e+01
1.334335657340324133e+01
1.334335657340324133e+01
1.334335657340324133e+01
1.334335657340324133e+01
1.334335657340324133e+01
1.334335657340324133e+01
1.334335657340324133e+01
1.334335657340324133e+01
1.334335657340324133e+01
1.334335657340324133e+01
1.334335657340324133e+01
1.334335657340324133e+01
1.334335657340324133e+01
1.334335657340324133e+01
1.334335657340324133e+01
1.334335657340324133e+01
1.334335657340324133e+01
1.334335657340324133e+01
1.334335657340324133e+01
1.334335657340324133e+01
1.334335657340324133e+01
1.334335657340324133e+01
1.334335657340324133e+01
1.334335657340324133e+01
1.334335657340324133e+01
1.334335657340324133e+01
1.334335657340324133e+01
1.334335657340324133e+01
1.334335657340324133e+01
1.334335657340324133e+01
1.334335657340324133e+01
1.334335657340324133e+01
1.334335657340324133e+01
1.334335657340324133e+01
1.334335657340324133e+01
1.334335657340324133e+01
1.334335657340324133e+01
1.334335657340324133e+01
1.334335657340324133e+01
1.334335657340324133e+01
1.334335657340324133e+01
1.334335657340324133e+01
1.334335657340324133e+01
1.334335657340324133e+01
1.334335657340324133e+01
1.334335657340324133e+01
1.334335657340324133e+01
1.334335657340324133e+01
1.334335657340324133e+01
1.334335657340324133e+01
1.334335657340324133e+01
1.334335657340324133e+01
1.334335657340324133e+01
1.334335657340324133e+01
1.334335657340324133e+01
1.334335657340324133e+01
1.334335657340324133e+01
1.334335657340324133e+01
1.334335657340324133e+01
1.334335657340324133e+01
1.334335657340324133e+01
1.334335657340324133e+01
1.334335657340324133e+01
1.334335657340324133e+01
1.334335657340324133e+01
1.334335657340324133e+01
1.334335657340324133e+01
1.334335657340324133e+01
1.334335657340324133e+01
1.334335657340324133e+01
1.334335657340324133e+01
1.334335657340324133e+01
1.334335657340324133e+01
1.334335657340324133e+01
1.334335657340324133e+01
1.334335657340324133e+01
1.334335657340324133e+01
1.334335657340324133e+01
1.334335657340324133e+01
1.334335657340324133e+01
1.334335657340324133e+01
1.334335657340324133e+01
1.334335657340324133e+01
1.334335657340324133e+01
1.334335657340324133e+01
1.334335657340324133e+01
1.334335657340324133e+01
1.334335657340324133e+01
1.334335657340324133e+01
1.334335657340324133e+01
1.334335657340324133e+01
1.334335657340324133e+01
1.334335657340324133e+01
1.334335657340324133e+01
1.334335657340324133e+01
1.334335657340324133e+01
1.334335657340324133e+01
1.334335657340324133e+01
1.334335657340324133e+01
1.334335657340324133e+01
1.334335657340324133e+01
1.334335657340324133e+01
1.334335657340324133e+01
1.334335657340324133e+01
1.334335657340324133e+01
1.334335657340324133e+01
1.334335657340324133e+01
1.334335657340324133e+01
1.334335657340324133e+01
1.334335657340324133e+01
1.334335657340324133e+01
1.334335657340324133e+01
1.334335657340324133e+01
1.334335657340324133e+01
1.334335657340324133e+01
1.334335657340324133e+01
1.334335657340324133e+01
1.334335657340324133e+01
1.334335657340324133e+01
1.334335657340324133e+01
1.334335657340324133e+01
1.334335657340324133e+01
1.334335657340324133e+01
1.334335657340324133e+01
1.334335657340324133e+01
1.334335657340324133e+01
1.334335657340324133e+01
1.334335657340324133e+01
1.334335657340324133e+01
1.334335657340324133e+01
1.334335657340324133e+01
1.334335657340324133e+01
1.334335657340324133e+01
1.334335657340324133e+01
1.334335657340324133e+01
1.334335657340324133e+01
1.334335657340324133e+01
1.334335657340324133e+01
1.334335657340324133e+01
1.334335657340324133e+01
1.334335657340324133e+01
1.334335657340324133e+01
1.334335657340324133e+01
1.334335657340324133e+01
1.334335657340324133e+01
1.334335657340324133e+01
1.334335657340324133e+01
1.334335657340324133e+01
1.334335657340324133e+01
1.334335657340324133e+01
1.334335657340324133e+01
1.334335657340324133e+01
1.334335657340324133e+01
1.334335657340324133e+01
1.334335657340324133e+01
1.334335657340324133e+01
1.334335657340324133e+01
1.334335657340324133e+01
1.334335657340324133e+01
1.334335657340324133e+01
1.334335657340324133e+01
1.334335657340324133e+01
1.334335657340324133e+01
1.334335657340324133e+01
1.334335657340324133e+01
1.334335657340324133e+01
1.334335657340324133e+01
1.334335657340324133e+01
1.334335657340324133e+01
1.334335657340324133e+01
1.334335657340324133e+01
1.334335657340324133e+01
1.334335657340324133e+01
1.334335657340324133e+01
1.334335657340324133e+01
1.334335657340324133e+01
1.334335657340324133e+01
1.334335657340324133e+01
1.334335657340324133e+01
1.334335657340324133e+01
1.334335657340324133e+01
1.334335657340324133e+01
1.334335657340324133e+01
1.334335657340324133e+01
1.334335657340324133e+01
1.334335657340324133e+01
1.334335657340324133e+01
1.334335657340324133e+01
1.334335657340324133e+01
1.334335657340324133e+01
1.334335657340324133e+01
1.334335657340324133e+01
1.334335657340324133e+01
1.334335657340324133e+01
1.334335657340324133e+01
1.334335657340324133e+01
1.334335657340324133e+01
1.334335657340324133e+01
1.334335657340324133e+01
1.334335657340324133e+01
1.334335657340324133e+01
1.334335657340324133e+01
1.334335657340324133e+01
1.334335657340324133e+01
1.334335657340324133e+01
1.334335657340324133e+01
1.334335657340324133e+01
1.334335657340324133e+01
1.334335657340324133e+01
1.334335657340324133e+01
1.334335657340324133e+01
1.334335657340324133e+01
1.334335657340324133e+01
1.334335657340324133e+01
1.334335657340324133e+01
1.334335657340324133e+01
1.334335657340324133e+01
1.334335657340324133e+01
1.334335657340324133e+01
1.334335657340324133e+01
1.334335657340324133e+01
1.334335657340324133e+01
1.334335657340324133e+01
1.334335657340324133e+01
1.334335657340324133e+01
1.334335657340324133e+01
1.334335657340324133e+01
1.334335657340324133e+01
1.334335657340324133e+01
1.334335657340324133e+01
1.334335657340324133e+01
1.334335657340324133e+01
1.334335657340324133e+01
1.334335657340324133e+01
1.334335657340324133e+01
1.334335657340324133e+01
1.334335657340324133e+01
1.334335657340324133e+01
1.334335657340324133e+01
1.334335657340324133e+01
1.334335657340324133e+01
1.334335657340324133e+01
1.334335657340324133e+01
1.334335657340324133e+01
1.334335657340324133e+01
1.334335657340324133e+01
1.334335657340324133e+01
1.334335657340324133e+01
1.334335657340324133e+01
1.334335657340324133e+01
1.334335657340324133e+01
1.334335657340324133e+01
1.334335657340324133e+01
1.334335657340324133e+01
1.334335657340324133e+01
1.334335657340324133e+01
1.334335657340324133e+01
1.334335657340324133e+01
1.334335657340324133e+01
1.334335657340324133e+01
1.334335657340324133e+01
1.334335657340324133e+01
1.334335657340324133e+01
1.334335657340324133e+01
1.334335657340324133e+01
1.334335657340324133e+01
1.334335657340324133e+01
1.334335657340324133e+01
1.334335657340324133e+01
1.334335657340324133e+01
1.334335657340324133e+01
1.334335657340324133e+01
1.334335657340324133e+01
1.334335657340324133e+01
1.334335657340324133e+01
1.334335657340324133e+01
1.334335657340324133e+01
1.334335657340324133e+01
1.334335657340324133e+01
1.334335657340324133e+01
1.334335657340324133e+01
1.334335657340324133e+01
1.334335657340324133e+01
1.334335657340324133e+01
1.334335657340324133e+01
1.334335657340324133e+01
1.334335657340324133e+01
1.334335657340324133e+01
1.334335657340324133e+01
1.334335657340324133e+01
1.334335657340324133e+01
1.334335657340324133e+01
1.334335657340324133e+01
1.334335657340324133e+01
1.334335657340324133e+01
1.334335657340324133e+01
1.334335657340324133e+01
1.334335657340324133e+01
1.334335657340324133e+01
1.334335657340324133e+01
1.334335657340324133e+01
1.334335657340324133e+01
1.334335657340324133e+01
1.334335657340324133e+01
1.334335657340324133e+01
1.334335657340324133e+01
1.334335657340324133e+01
1.334335657340324133e+01
1.334335657340324133e+01
1.334335657340324133e+01
1.334335657340324133e+01
1.334335657340324133e+01
1.334335657340324133e+01
1.334335657340324133e+01
1.334335657340324133e+01
1.334335657340324133e+01
1.334335657340324133e+01
1.334335657340324133e+01
1.334335657340324133e+01
1.334335657340324133e+01
1.334335657340324133e+01
1.334335657340324133e+01
1.334335657340324133e+01
1.334335657340324133e+01
1.334335657340324133e+01
1.334335657340324133e+01
1.334335657340324133e+01
1.334335657340324133e+01
1.334335657340324133e+01
1.334335657340324133e+01
1.334335657340324133e+01
1.334335657340324133e+01
1.334335657340324133e+01
1.334335657340324133e+01
1.334335657340324133e+01
1.334335657340324133e+01
1.334335657340324133e+01
1.334335657340324133e+01
1.334335657340324133e+01
1.334335657340324133e+01
1.334335657340324133e+01
1.334335657340324133e+01
1.334335657340324133e+01
1.334335657340324133e+01
1.334335657340324133e+01
1.334335657340324133e+01
1.334335657340324133e+01
1.334335657340324133e+01
1.334335657340324133e+01
1.334335657340324133e+01
1.334335657340324133e+01
1.334335657340324133e+01
1.334335657340324133e+01
1.334335657340324133e+01
1.334335657340324133e+01
1.334335657340324133e+01
1.334335657340324133e+01
1.334335657340324133e+01
1.334335657340324133e+01
1.334335657340324133e+01
1.334335657340324133e+01
1.334335657340324133e+01
1.334335657340324133e+01
1.334335657340324133e+01
1.334335657340324133e+01
1.334335657340324133e+01
1.334335657340324133e+01
1.334335657340324133e+01
1.334335657340324133e+01
1.334335657340324133e+01
1.334335657340324133e+01
1.334335657340324133e+01
1.334335657340324133e+01
1.334335657340324133e+01
1.334335657340324133e+01
1.334335657340324133e+01
1.334335657340324133e+01
1.334335657340324133e+01
1.334335657340324133e+01
1.334335657340324133e+01
1.334335657340324133e+01
1.334335657340324133e+01
1.334335657340324133e+01
1.334335657340324133e+01
1.334335657340324133e+01
1.334335657340324133e+01
1.334335657340324133e+01
1.334335657340324133e+01
1.334335657340324133e+01
1.334335657340324133e+01
1.334335657340324133e+01
1.334335657340324133e+01
1.334335657340324133e+01
1.334335657340324133e+01
1.334335657340324133e+01
1.334335657340324133e+01
1.334335657340324133e+01
1.334335657340324133e+01
1.334335657340324133e+01
1.334335657340324133e+01
1.334335657340324133e+01
1.334335657340324133e+01
