2.467559114598621761e+00
4.931409952477130432e+00
7.392411959594814341e+00
9.850805932775601903e+00
1.230675206393939014e+01
1.476022302271086950e+01
1.721138675183727074e+01
1.966012536754754336e+01
2.210651695601717037e+01
2.455063345366765049e+01
2.699256461431031795e+01
2.943245445298755669e+01
3.187021264909021667e+01
3.430595535162641596e+01
3.673966287221141869e+01
3.917128779787055493e+01
4.160086196436336792e+01
4.402836805844354728e+01
4.645385345080978112e+01
4.887720790395537307e+01
5.129825868556952173e+01
5.371713876139686050e+01
5.613397964935744966e+01
5.854865367104210350e+01
6.096088891308259861e+01
6.337061486630660312e+01
6.577833687963996567e+01
6.818379016320055541e+01
7.058679020706011897e+01
7.298743290561152719e+01
7.538599609915061706e+01
7.778204598361887179e+01
8.017568898417596301e+01
8.256709882243845300e+01
8.495628938810580166e+01
8.734331440101198041e+01
8.972795980624616163e+01
9.211002778724498796e+01
9.448960233750156590e+01
9.686670810593683711e+01
9.924148023524793416e+01
1.016138517318560446e+02
1.039839536164578675e+02
1.063517873155577149e+02
1.087173369187562031e+02
1.110805699880844912e+02
1.134408002832471851e+02
1.157986545805467102e+02
1.181541450273803378e+02
1.205072066484702447e+02
1.228576753880423098e+02
1.252051431394905023e+02
1.275497390649013454e+02
1.298914734746079205e+02
1.322306181595618000e+02
1.345671725040259332e+02
1.369010433233133313e+02
1.392323252730001286e+02
1.415606382945599933e+02
1.438862925087417182e+02
1.462093246613675888e+02
1.485293526855489574e+02
1.508462930028418043e+02
1.531601727196777460e+02
1.554709911954394954e+02
1.577790648508117215e+02
1.600839818572126205e+02
1.623860202878908296e+02
1.646846724548065311e+02
1.669801813006115481e+02
1.692709095371950241e+02
1.715587889913468587e+02
1.738437798383667712e+02
1.761259081922846406e+02
1.784051573786470613e+02
1.806806531386156394e+02
1.829531132112476541e+02
1.852219259484534462e+02
1.874876704005852730e+02
1.897491821725986370e+02
1.920074771229722899e+02
1.942627486422450147e+02
1.965149654732756801e+02
1.987640966844123795e+02
2.010100968534742663e+02
2.032526018812876600e+02
2.054913118337705669e+02
2.077269873578809438e+02
2.099595293150684938e+02
2.121878171613157633e+02
2.144127944039470890e+02
2.166331936335934643e+02
2.188497046066045186e+02
2.210628205566703457e+02
2.232721727351712389e+02
2.254782439414339308e+02
2.276805127432987206e+02
2.298795781110905523e+02
2.320753814717614034e+02
2.342678383302572342e+02
2.364564313264027362e+02
2.386416986196084622e+02
2.408236778705314123e+02
2.430023966962863824e+02
2.451777005973089558e+02
2.473494955451834585e+02
2.495179696664843334e+02
2.516832066932291809e+02
2.538450658123068706e+02
2.560035322169448477e+02
2.581583864214015875e+02
2.603078644263320598e+02
2.624537261931102989e+02
2.645959224867217472e+02
2.667343583063180290e+02
2.688691053232535637e+02
2.710003358853075497e+02
2.731278743852797106e+02
2.752516568192730801e+02
2.773717033562211896e+02
2.794880241708661401e+02
2.816004628738454585e+02
2.837089274161134540e+02
2.858135058634231882e+02
2.879138658577388128e+02
2.900101992199172400e+02
2.921015999252207394e+02
2.941889800347524897e+02
2.962723347897988901e+02
2.983514787292480719e+02
3.004262973827466112e+02
3.024953460694513296e+02
3.045567100150879583e+02
3.066135675290432800e+02
3.086651823438991187e+02
3.107123874708337894e+02
3.127520991755220052e+02
3.147870425453403413e+02
3.168174374350169842e+02
3.188432869333041708e+02
3.208645262971622287e+02
3.228812286313470850e+02
3.248934940509483340e+02
3.268996149125055695e+02
3.289011657272565117e+02
3.308981589691675254e+02
3.328905798685681248e+02
3.348783984769632411e+02
3.368616831356229682e+02
3.388405645342365347e+02
3.408133643903980783e+02
3.427813704264959256e+02
3.447446724377209080e+02
3.467031901863358030e+02
3.486563431214816546e+02
3.506047565516590794e+02
3.525483494916651921e+02
3.544873889238131710e+02
3.564216232156533124e+02
3.583510350187760309e+02
3.602755222854013937e+02
3.621951605060958173e+02
3.641099247378660380e+02
3.660197960414627119e+02
3.679247866868090568e+02
3.698248871540694722e+02
3.717199820827984809e+02
3.736100925201178597e+02
3.754950323894572080e+02
3.773748737934375868e+02
3.792495832586729989e+02
3.811191771403454140e+02
3.829834988305067327e+02
3.848419210985304630e+02
3.866933853690129581e+02
3.885392924493341980e+02
3.903797154007699532e+02
3.922146497062051367e+02
3.940442765572731219e+02
3.958685237123802949e+02
3.976872690678077902e+02
3.995006806316213215e+02
4.013086184234981033e+02
4.031111993647811005e+02
4.049081901780154453e+02
4.066996385645987857e+02
4.084855617067905769e+02
4.102658383425351190e+02
4.120403410882620960e+02
4.138081914196392290e+02
4.155698807247383115e+02
4.173242791729652481e+02
4.190672944418152497e+02
4.208033280555059719e+02
4.225305372868597260e+02
4.242509185475585696e+02
4.259601859518606943e+02
4.276598559644849047e+02
4.293522835093548338e+02
4.310376384989037888e+02
4.327159741763844636e+02
4.343860886891083624e+02
4.360489470219943655e+02
4.377044414914469144e+02
4.393529305420639730e+02
4.409944258072536059e+02
4.426291092562471476e+02
4.442570021580779667e+02
4.458779615974713124e+02
4.474845435410874757e+02
4.490830444816079421e+02
4.506741553743545410e+02
4.522583052139589199e+02
4.538353133519254357e+02
4.554054853408644590e+02
4.569688674690643211e+02
4.585255216766638000e+02
4.600752699421908574e+02
4.616180314213905262e+02
4.631539393868629304e+02
4.646829847739729757e+02
4.662053684593795424e+02
4.677209656548491807e+02
4.692296676627787519e+02
4.707315589205119295e+02
4.722264278717408956e+02
4.737145009044251083e+02
4.751956275191309942e+02
4.766698653100719412e+02
4.781362112502946502e+02
4.795951268254077604e+02
4.810465955396414870e+02
4.824891152014452018e+02
4.839231676639967077e+02
4.853494568170465868e+02
4.867613755564610756e+02
4.881649765722623329e+02
4.895724379492410776e+02
4.909618009501695610e+02
4.923551434808571230e+02
4.937303074856276339e+02
4.951093662760804932e+02
4.964702795583871193e+02
4.978361522574463152e+02
4.991831951619681718e+02
5.005339343923389492e+02
5.018662659624221192e+02
5.032024138119164718e+02
5.045306543593399056e+02
5.058416713737223063e+02
5.071441896584261713e+02
5.084385444105295733e+02
5.097249131713183488e+02
5.110154999678044305e+02
5.122881311160567748e+02
5.135645670540993706e+02
5.148334093355247205e+02
5.160831906067935506e+02
5.173239801347890534e+02
5.185682596991566697e+02
5.197939666562198227e+02
5.210227588643703029e+02
5.222330328730519113e+02
5.234464449272450111e+02
5.246410886229714379e+02
5.258388549230310218e+02
5.270178972891662852e+02
5.282012437241705811e+02
5.293641424267910907e+02
5.305266447267893000e+02
5.316695440515952669e+02
5.328138009339711516e+02
5.339396406278722225e+02
5.350549388890547107e+02
5.361710521478074725e+02
5.372688285460686757e+02
5.383574360667419114e+02
5.394479943418446055e+02
5.405204272468880617e+02
5.415838803781080060e+02
5.426492447338910097e+02
5.436965692543260502e+02
5.447345312561064929e+02
5.457754943163516828e+02
5.467961625746453365e+02
5.478073270811395332e+02
5.488216844484489911e+02
5.498171792570165053e+02
5.508033565254164614e+02
5.517925034810724583e+02
5.527626653247821196e+02
5.537352187150415830e+02
5.546886112667143607e+02
5.556325854668616557e+02
5.565795377994074897e+02
5.575072119453147934e+02
5.584375349133333657e+02
5.593486290797840184e+02
5.602455440257606369e+02
5.611448972373724473e+02
5.620243970434567018e+02
5.629062067249819847e+02
5.637684358212576399e+02
5.646185456322097025e+02
5.654718866588742685e+02
5.663023270077688949e+02
5.671361000012090017e+02
5.679486478014976001e+02
5.687644229589270708e+02
5.695588863405421307e+02
5.703569669897278800e+02
5.711335028434432388e+02
5.719134306937388601e+02
5.726717043539151746e+02
5.734334986230776394e+02
5.741742502246365802e+02
5.749184865754303928e+02
5.756419285315805610e+02
5.763685466451926231e+02
5.770739054485417228e+02
5.777830422744808629e+02
5.784708524255935345e+02
5.791621070574392434e+02
5.798323235142921703e+02
5.804923543300230904e+02
5.811560198454760666e+02
5.817987612849237848e+02
5.824448023783687631e+02
5.830698891386206242e+02
5.836978405610088885e+02
5.843044387150199555e+02
5.849005124308815766e+02
5.854986806023827057e+02
5.860747470038195388e+02
5.866530299041930903e+02
5.872104493842589363e+02
5.877574583411573030e+02
5.883069985527905601e+02
5.888359429875764590e+02
5.893545176702001527e+02
5.898757011701499096e+02
5.903764255474085303e+02
5.908666395615289275e+02
5.913592061699541773e+02
5.918315773764293226e+02
5.922935791278151783e+02
5.927576571487212505e+02
5.932015252429691827e+02
5.936355381496229029e+02
5.940664577504815043e+02
5.945010150384903227e+02
5.949102072233262106e+02
5.953161611836776501e+02
5.957065705345578408e+02
5.961057567847179826e+02
5.964795147554733603e+02
5.968427981841936116e+02
5.971994014077691872e+02
5.975590277445193124e+02
5.979095792204236659e+02
5.982530320787255960e+02
5.985890784806584861e+02
5.989098989565223974e+02
5.992295919934515496e+02
5.995451690422374895e+02
5.998328285405199267e+02
6.001102015084211416e+02
6.003849349751091040e+02
6.006437235135746278e+02
6.008932198393139288e+02
6.011408749783413441e+02
6.013733116692875456e+02
6.016039131838768981e+02
6.018272528138420512e+02
6.020352102744164995e+02
6.022417364498298866e+02
6.024489545731840963e+02
6.026425201809197461e+02
6.028365342435184857e+02
6.030249932318035917e+02
6.032077467599698366e+02
6.033764664501625248e+02
6.035458196557568726e+02
6.037008719943257802e+02
6.038569807335819632e+02
6.039981796923502770e+02
6.041406425651574637e+02
6.042694613934460222e+02
6.043996334296907662e+02
6.045241176862756447e+02
6.046350999026956288e+02
6.047380448635356061e+02
6.048350599227829889e+02
6.049247390981615808e+02
6.050170022867322359e+02
6.050863952428691164e+02
6.051564273026862111e+02
6.052198931221402063e+02
6.052777115202130744e+02
6.053289844100110031e+02
6.053740413401069418e+02
6.054134893267374764e+02
6.054379552987520583e+02
6.054727646496780835e+02
6.054946273000985002e+02
6.055110216011557895e+02
6.055126277184449464e+02
6.055244715012217966e+02
6.055235995284054979e+02
6.055082024293584482e+02
6.054948609710767187e+02
6.054756551688868740e+02
6.054512076307496500e+02
6.054214831596995054e+02
6.053773571838870566e+02
6.053443484976372702e+02
6.052992799817783407e+02
6.052493874523945578e+02
6.051852021707890117e+02
6.051323398939732670e+02
6.050673817079397168e+02
6.049976249116145937e+02
6.049137321203519377e+02
6.048412721981392224e+02
6.047570633922433672e+02
6.046685140707571691e+02
6.045663221693085916e+02
6.044760028421088691e+02
6.043743739855207195e+02
6.042686016535684530e+02
6.041492818864850278e+02
6.040419510366256191e+02
6.039228900962846183e+02
6.037997423461519020e+02
6.036633554127103025e+02
6.035391671050398372e+02
6.034035377024081299e+02
6.032642484401095544e+02
6.031113302904286684e+02
6.029707548507939237e+02
6.028192771883154819e+02
6.026640709529276592e+02
6.024955295185350224e+02
6.023393515553049156e+02
6.021724638063659540e+02
6.020020462888799102e+02
6.018186794143331326e+02
6.016480108898504113e+02
6.014665445660093610e+02
6.012815753608696241e+02
6.010838388777948467e+02
6.008988908889774621e+02
6.007032914554579293e+02
6.005049022425243948e+02
6.002934787582773879e+02
6.000949770234952894e+02
5.998862544027742842e+02
5.996749938235059290e+02
5.994514752094999039e+02
5.992414139668574080e+02
5.990213043366467218e+02
5.987985913925139130e+02
5.985634967647263238e+02
5.983417899580493895e+02
5.981095433143945002e+02
5.978744223792497223e+02
5.976272928014496983e+02
5.973941036816922860e+02
5.971509216772485615e+02
5.969053567791773958e+02
5.966481577442276603e+02
5.964049795463184864e+02
5.961520170906599105e+02
5.959058851499571574e+02
5.956499685375886202e+02
5.954005458475961632e+02
5.951412938853164860e+02
5.948794299071447540e+02
5.946155981108150854e+02
5.943489551220058047e+02
5.940804669466261885e+02
5.938186902930817723e+02
5.935379220836706509e+02
5.932620041904165191e+02
5.929843522058386043e+02
5.927047497521610921e+02
5.924234290578691571e+02
5.921493219672436226e+02
5.918569658444590686e+02
5.915794588950224124e+02
5.912928541618534837e+02
5.910137636724920185e+02
5.907254634574765078e+02
5.904350014466592711e+02
5.901429016546386492e+02
5.898487623266572655e+02
5.895533094900711149e+02
5.892558638616194457e+02
5.889573893585428550e+02
5.886570516789702197e+02
5.883557363333138710e+02
5.880525919741478447e+02
5.877556482205540078e+02
5.874579543730093292e+02
5.871531400606348825e+02
5.868533107382431808e+02
5.865442804220895141e+02
5.862456288770451920e+02
5.859446878237403098e+02
5.856452947530657411e+02
5.853443667268325044e+02
5.850350050084729219e+02
5.847324651191646581e+02
5.844216870724566206e+02
5.841100361695258698e+02
5.838042658339005584e+02
5.834914110800002618e+02
5.831763256516542242e+02
5.828583513347340386e+02
5.825511474525615085e+02
5.822351603699893303e+02
5.819181187041658632e+02
5.816084920746255875e+02
5.812910896822952509e+02
5.809729453935721040e+02
5.806630209432734091e+02
5.803354174856109466e+02
5.800241011185539719e+02
5.796952702304716922e+02
5.793819988724338828e+02
5.790518764092189485e+02
5.787377527353398818e+02
5.784064445331520119e+02
5.780908331424533344e+02
5.777678522755900303e+02
5.774440398305542885e+02
5.771204419313388598e+02
5.767958751098472021e+02
5.764708193106793033e+02
5.761455800233255786e+02
5.758208751720605960e+02
5.754951632986350205e+02
5.751691950775323221e+02
5.748428973119607690e+02
5.745175298446897614e+02
5.741915924923092689e+02
5.738652169779422820e+02
5.735388149091008927e+02
5.732127332033306857e+02
5.728861501944768406e+02
5.725595869601258983e+02
5.722420640201333981e+02
5.719076321195182118e+02
5.715889095247814566e+02
5.712632679642460971e+02
5.709279720834549607e+02
5.706088578471160417e+02
5.702737264943126547e+02
5.699453518685646713e+02
5.696190246782987288e+02
5.692912961618900454e+02
5.689632846624259628e+02
5.686354981946872158e+02
5.683080540044273903e+02
5.679796906130890193e+02
5.676515049130732677e+02
5.673237796887495961e+02
5.669967332226590315e+02
5.666633595041400895e+02
5.663521826629000770e+02
5.660275729426498401e+02
5.657118628987570901e+02
5.653799663595352740e+02
5.650634365051237182e+02
5.647405439105980349e+02
5.644176749828853872e+02
5.640863704384396442e+02
5.637726873234023515e+02
5.634428573505886106e+02
5.631116426344614183e+02
5.627985333740631404e+02
5.624785910706451659e+02
5.621678852933142707e+02
5.618415053188264210e+02
5.615318285926633735e+02
5.612063052665512259e+02
5.608882650268614043e+02
5.605623381051811975e+02
5.602435524635217234e+02
5.599257056821843435e+02
5.595999878503433820e+02
5.592899783393127109e+02
5.589655806799644324e+02
5.586486095785630823e+02
5.583321309752736852e+02
5.580083319960247081e+02
5.576923872825069566e+02
5.573768839477460233e+02
5.570626523448097487e+02
5.567408283277932242e+02
5.564350054453864232e+02
5.561153153744588735e+02
5.557946649685638931e+02
5.554820504187654251e+02
5.551701170867482915e+02
5.548598332826881006e+02
5.545418949209916946e+02
5.542315492035612579e+02
5.539213501274865621e+02
5.536121240135806829e+02
5.533125924128573843e+02
5.530065839487170933e+02
5.527097500963703851e+02
5.523987226120568721e+02
5.520947589714397736e+02
5.517916705092246730e+02
5.514891670184515533e+02
5.511877411726809441e+02
5.508785718204188697e+02
5.505687186825620074e+02
5.502672520537089440e+02
5.499592162941346487e+02
5.496589509857790290e+02
5.493518556901381089e+02
5.490444479771999795e+02
5.487450219213054652e+02
5.484391901163559169e+02
5.481398585853344230e+02
5.478500075087184769e+02
5.475501275735229001e+02
5.472469932585503329e+02
5.469517459272371980e+02
5.466568298745579568e+02
5.463639979285929940e+02
5.460638312032003796e+02
5.457632946132417828e+02
5.454707481470537687e+02
5.451717084902173838e+02
5.448805784699337664e+02
5.445824970300603809e+02
5.442840923409412426e+02
5.439938488097105846e+02
5.437037455588350667e+02
5.434107816734740481e+02
5.431302421336055204e+02
5.428371619252044411e+02
5.425620951243901118e+02
5.422798466056721054e+02
5.419975630708960352e+02
5.417085993053209449e+02
5.414264215625231600e+02
5.411537676160019146e+02
5.408683523546196739e+02
5.405926683169905118e+02
5.403163024374428005e+02
5.400403693248326817e+02
5.397666759073059666e+02
5.395008701934049213e+02
5.392294693460914914e+02
5.389591083949609356e+02
5.386973962068479977e+02
5.384302137598687068e+02
5.381635755426505057e+02
5.379056163780222732e+02
5.376423889341521090e+02
5.373794596428622299e+02
5.371171162094626652e+02
5.368634735911305143e+02
5.365972101322140588e+02
5.363458038267992833e+02
5.361044651374929799e+02
5.358516794801473679e+02
5.355993983922604684e+02
5.353557642281680273e+02
5.351068355239103767e+02
5.348741646098796991e+02
5.346302607804693707e+02
5.343865823143986518e+02
5.341510381472774043e+02
5.339176224362043968e+02
5.336855046841994863e+02
5.334485632953000049e+02
5.332124474841599522e+02
5.329850350783735848e+02
5.327524551299690074e+02
5.325264031482112159e+02
5.323018605224683597e+02
5.320640638509814835e+02
5.318250336460613426e+02
5.315854798816127413e+02
5.313616618476983149e+02
5.311327140960230508e+02
5.309075349367590206e+02
5.306884903979076853e+02
5.304669364207189801e+02
5.302435349196516654e+02
5.300125625424782356e+02
5.297914776715354037e+02
5.295693613466185070e+02
5.293557236737235598e+02
5.291290077095176230e+02
5.289168802967187730e+02
5.287001405094553093e+02
5.284838007947582810e+02
5.282600691793751366e+02
5.280358982481145631e+02
5.278199367839903289e+02
5.275971343771371949e+02
5.273895571194536842e+02
5.271764194375954276e+02
5.269725584094841224e+02
5.267705423956806499e+02
5.265719908910655249e+02
5.263670515268584040e+02
5.261709690155737462e+02
5.259688321997807634e+02
5.257758439916532325e+02
5.255771443215701311e+02
5.253875472667444910e+02
5.251917442687484936e+02
5.250048711474181573e+02
5.248120024598950977e+02
5.246281619511663621e+02
5.244382616373975452e+02
5.242576787455247995e+02
5.240711882762900586e+02
5.238936926100816436e+02
5.237101007003730047e+02
5.235353882093065749e+02
5.233544536763931774e+02
5.231744463118590147e+02
5.230035786010404308e+02
5.228268955772127811e+02
5.226510958155937487e+02
5.224846038794015612e+02
5.223125245532639838e+02
5.221409405211169314e+02
5.219782081738875377e+02
5.218097037284517228e+02
5.216418139414706729e+02
5.214827890205356198e+02
5.213180200562537721e+02
5.211539822416991683e+02
5.209989788591318529e+02
5.208381264563029163e+02
5.206769261717508925e+02
5.205174912814773052e+02
5.203594274868937646e+02
5.201905173577862342e+02
5.200401579224032957e+02
5.198848320556006684e+02
5.197301101764189752e+02
5.195723019973149803e+02
5.194186620465177384e+02
5.192663227807811381e+02
5.191030319202776582e+02
5.189585827355967922e+02
5.188093824540624155e+02
5.186611862094160870e+02
5.185098602205903262e+02
5.183628037445606651e+02
5.182222548008345484e+02
5.180796021558282973e+02
5.179367690331420135e+02
5.178003004944191616e+02
5.176600989984227681e+02
5.175216285450954956e+02
5.173830922908219918e+02
5.172513234741904853e+02
5.171170929922030837e+02
5.169826467675126196e+02
5.168490681531848168e+02
5.167164548423680799e+02
5.165797982853404164e+02
5.164478619207716292e+02
5.163229351777355305e+02
5.161876156337946213e+02
5.160721289919633818e+02
5.159528466710993371e+02
5.158226135761666455e+02
5.157074164805061400e+02
5.156030008260556770e+02
5.154824573432988473e+02
5.153742512949255570e+02
5.152688460978529292e+02
5.151606471801075031e+02
5.150590443998075898e+02
5.149565660879683264e+02
5.148429943872098420e+02
5.147488898699720039e+02
5.146560242101892300e+02
5.145530215102211287e+02
5.144575174996588203e+02
5.143772736455465520e+02
5.142754201031523280e+02
5.141907699332450647e+02
5.141037167691807781e+02
5.140053246863493541e+02
5.139281423249152567e+02
5.138477490603041815e+02
5.137564924349821922e+02
5.136778448037039198e+02
5.136020088007053346e+02
5.135227229545332648e+02
5.134500628061305179e+02
5.133799295536091449e+02
5.132985466630908604e+02
5.132297299507100661e+02
5.131708673717812417e+02
5.130949919884383235e+02
5.130314271304116573e+02
5.129678854990462469e+02
5.128927371829854565e+02
5.128297737697166667e+02
5.127760394315482699e+02
5.127049518644050750e+02
5.126457413754814070e+02
5.125886403183843640e+02
5.125200171181547830e+02
5.124634819174501672e+02
5.124093974145800985e+02
5.123438797073829392e+02
5.122906743616359790e+02
5.122395921466760456e+02
5.121669672658694026e+02
5.121113770154039457e+02
5.120615898969508635e+02
5.119906509204682266e+02
5.119471637411524512e+02
5.119008189242437652e+02
5.118432230446545077e+02
5.118049470150996285e+02
5.117637001574033775e+02
5.117106409603672432e+02
5.116658286161072056e+02
5.116153615093649591e+02
5.115618716321638431e+02
5.115207282534614706e+02
5.114892129269709358e+02
5.114406839236581277e+02
5.114045063902278230e+02
5.113704944057424768e+02
5.113249675616630725e+02
5.112918884415967113e+02
5.112680157767920832e+02
5.112270541824174188e+02
5.111980861219678332e+02
5.111598552140731613e+02
5.111077210359670744e+02
5.110761673744866016e+02
5.110470238703871360e+02
5.109960045890449010e+02
5.109657078233375955e+02
5.109276212487540079e+02
5.108861015094374238e+02
5.108471491472489561e+02
5.108189492437717263e+02
5.107829915641803495e+02
5.107498856537588949e+02
5.107281695905515448e+02
5.106956235110764624e+02
5.106762187947741154e+02
5.106492274970208882e+02
5.106196942205577898e+02
5.105931271586092635e+02
5.105816069251930571e+02
5.105567478889595350e+02
5.105453267448722272e+02
5.105370399862568433e+02
5.105178917078892482e+02
5.105063734312885799e+02
5.105022373574903440e+02
5.104872802905018716e+02
5.104855567714749895e+02
5.104868417706015862e+02
5.104711917830248353e+02
5.104676180398765268e+02
5.104719082571117497e+02
5.104593770306328793e+02
5.104647314347478186e+02
5.104672282118267503e+02
5.104635222568145423e+02
5.104671408857936967e+02
5.104783101755202210e+02
5.104724953687828588e+02
5.104844177826124110e+02
5.104931707035524937e+02
5.104952310586562589e+02
5.105043920639787984e+02
5.105077628451162468e+02
5.105180917269559586e+02
5.105097021248773785e+02
5.105163278071847230e+02
5.105210795061145177e+02
5.105294108019893997e+02
5.105206963582489266e+02
5.105227148517471392e+02
5.105126766603190163e+02
5.105139503338143641e+02
5.105034474629728152e+02
5.105042737869213170e+02
5.104861340078859939e+02
5.104866166982222921e+02
5.104830537435710198e+02
5.104856911473983132e+02
5.104836684898739350e+02
5.104878432774173689e+02
5.104870276929993906e+02
5.104920826329968122e+02
5.104752513692898219e+02
5.104779110583039028e+02
5.104698748193455913e+02
5.104684761826462704e+02
5.104659862343569898e+02
5.104814290802144683e+02
5.104655373577930959e+02
5.104738680763424554e+02
5.104729232166692441e+02
5.104730270175218720e+02
5.104614071869602867e+02
5.104661293086728051e+02
5.104550722052780998e+02
5.104475937705334445e+02
5.104364694653422134e+02
5.104328903808304858e+02
5.104214037847790451e+02
5.104170011000428531e+02
5.103954911071298284e+02
5.103887902256248594e+02
5.103651468696054394e+02
5.103656131312536672e+02
5.103508847747761479e+02
5.103431994925255708e+02
5.103184319212998048e+02
5.103176002256410584e+02
5.103018428663648365e+02
5.103025194740428674e+02
5.102873858202922293e+02
5.102787861430755925e+02
5.102595410438750037e+02
5.102600288078223230e+02
5.102558918874639176e+02
5.102643624223400707e+02
5.102537090219846050e+02
5.102603975880895177e+02
5.102504297445423731e+02
5.102560601981040804e+02
5.102464613188496401e+02
5.102530239691456018e+02
5.102441899325030477e+02
5.102513442734902469e+02
5.102432634271235656e+02
5.102508878967528858e+02
5.102436615785977096e+02
5.102523075470805338e+02
5.102456729021230899e+02
5.102549159575707449e+02
5.102490923694711569e+02
5.102591768323259203e+02
5.102538773991878998e+02
5.102644363949177659e+02
5.102599295006245370e+02
5.102712573370861833e+02
5.102672612644403216e+02
5.102789697013051864e+02
5.102753444412473982e+02
5.102872229039103331e+02
5.102840655874255162e+02
5.102964361840520269e+02
5.102938614642163770e+02
5.103069734977555640e+02
5.103050371695391050e+02
5.103188870936996864e+02
5.103252427539555924e+02
5.103429643594901677e+02
5.103440323510048415e+02
5.103604592774171351e+02
5.103681591677136566e+02
5.103868321944223680e+02
5.103965262940762955e+02
5.104171633708892273e+02
5.104220186381404574e+02
5.104361180006741847e+02
5.104466916381165902e+02
5.104622295759262443e+02
5.104736781912391166e+02
5.104900259825341209e+02
5.105020304092915922e+02
5.105187898365269348e+02
5.105314753242376469e+02
5.105491196162570873e+02
5.105630892474933376e+02
5.105820378256283902e+02
5.105970058489128860e+02
5.106166055585986214e+02
5.106322036064330518e+02
5.106528658688822020e+02
5.106695215075948795e+02
5.106909728764412648e+02
5.107083830371377644e+02
5.107306944067618701e+02
5.107488462528297646e+02
5.107719453335201933e+02
5.107912791093170313e+02
5.108155917250895186e+02
5.108359627254391171e+02
5.108613707249121489e+02
5.108827366387892539e+02
5.109089954004987248e+02
5.109313198337712834e+02
5.109582234791248538e+02
5.109832067196806520e+02
5.110101677699524316e+02
5.110315143887201543e+02
5.110564606049150029e+02
5.110551723647689073e+02
5.110662732136929094e+02
5.110601915467410095e+02
5.110882749728424983e+02
5.110830255156755584e+02
5.111047258022371693e+02
5.111136423150112478e+02
5.111163011704562678e+02
5.111221276607604409e+02
5.111227225855539018e+02
5.111264897488052839e+02
5.111203946029539793e+02
5.111325858955606805e+02
5.111265791088235346e+02
5.111385181198214127e+02
5.111254240374245228e+02
5.111351969606907915e+02
5.111273258030608417e+02
5.111368101282117209e+02
5.111281646654832116e+02
5.111269145653504324e+02
5.111294608656610876e+02
5.111288906432659473e+02
5.111388069457114511e+02
5.111299219938111378e+02
5.111287482133626554e+02
5.111211103542162277e+02
5.111110421230794714e+02
5.110894980898992230e+02
5.110852540849041930e+02
5.110618683318195963e+02
5.110450816914235475e+02
5.110283174964295654e+02
5.110154165794152163e+02
5.109927374227983137e+02
5.109828312043340475e+02
5.109592530608609877e+02
5.109379013185042595e+02
5.109212904188722746e+02
5.108895924322690689e+02
5.108601324882087624e+02
5.108339238627435748e+02
5.108230679563406511e+02
5.108037220122332087e+02
5.107947900760824496e+02
5.107918565547042249e+02
5.107684111865461318e+02
5.107479151907650703e+02
5.107215970940122816e+02
5.106943757338929117e+02
5.106557111001222324e+02
5.106141189774828035e+02
5.105701582693321257e+02
5.105338460064260744e+02
5.104872534427566961e+02
5.104460454033492169e+02
5.104043421253254564e+02
5.103619757685515879e+02
5.103187328414824151e+02
5.102805643748492344e+02
5.102370693068794480e+02
5.101929996569719492e+02
5.101480093204008313e+02
5.101022477214333435e+02
5.100467627574904554e+02
5.099976101649938869e+02
5.099392770697647848e+02
5.098877310729820920e+02
5.098265661826173414e+02
5.097633332351898616e+02
5.096984496593958056e+02
5.096406786939085691e+02
5.095737530459828122e+02
5.095048383314821194e+02
5.094341883618359930e+02
5.093616767624091608e+02
5.092879568148646285e+02
5.092123532868196776e+02
5.091352869756320842e+02
5.090566752392403487e+02
5.089792330595569751e+02
5.088975699189158490e+02
5.088144875627693864e+02
5.087299455402884973e+02
5.086439304458536412e+02
5.085564186648352916e+02
5.084673451690852630e+02
5.083842285020726877e+02
5.083009176946443972e+02
5.082174288912263478e+02
5.081337578545439442e+02
5.080496954597391550e+02
5.079653866266156115e+02
5.078805521337123992e+02
5.077952039065904160e+02
5.077094828716116695e+02
5.076234505460000150e+02
5.075370110993038679e+02
5.074503734389621741e+02
5.073637392178658843e+02
5.072828562703126067e+02
5.071967188091551293e+02
5.071072277458670783e+02
5.070099167676523280e+02
5.069108308285220801e+02
5.068100659370716130e+02
5.067073959121657367e+02
5.066033739597841077e+02
5.064978998994114363e+02
5.063911128199516156e+02
5.062830917713755525e+02
5.061736828688225955e+02
5.060632788727937168e+02
5.059596470902307033e+02
5.058596232265821868e+02
5.057622523052134511e+02
5.056661282832826032e+02
5.055707417108840218e+02
5.054760007877719659e+02
5.053852879881696367e+02
5.052929381946938179e+02
5.051923839697985841e+02
5.050990367427297087e+02
5.049920578808087157e+02
5.048890953758835280e+02
5.047858499958436482e+02
5.046820684199847733e+02
5.045865542119751694e+02
5.044771619228333179e+02
5.043809865167701219e+02
5.042855120960028330e+02
5.041757930926200970e+02
5.040860564515210740e+02
5.039769283253882577e+02
5.038805194612269247e+02
5.037703643370713849e+02
5.036735841710240607e+02
5.035720587193579263e+02
5.034677217712422816e+02
5.033653258119728093e+02
5.032603777827946487e+02
5.031483466436950494e+02
5.030569751034946648e+02
5.029687151071726134e+02
5.028736201945065432e+02
5.027875887194354050e+02
5.026946639431645849e+02
5.026107884845919216e+02
5.025204812593852921e+02
5.024374941779722121e+02
5.023567313200761646e+02
5.022625324865963989e+02
5.021760290033314504e+02
5.020902711469208271e+02
5.019881474062942175e+02
5.018986878962028300e+02
5.018030920530206913e+02
5.017064021174054460e+02
5.016071433795447092e+02
5.015103396801255826e+02
5.014041370590857127e+02
5.013191291442608417e+02
5.012216975091999416e+02
5.011298622939581833e+02
5.010354312434735107e+02
5.009391513805059049e+02
5.008445201959911515e+02
5.007485734162051472e+02
5.006579031112818257e+02
5.005535775701730472e+02
5.004712363666126862e+02
5.003748398895179434e+02
5.002926765473784485e+02
5.002004198295095989e+02
5.001125004569312296e+02
5.000106333137709953e+02
4.999296991805896937e+02
4.998419941433679696e+02
4.997585771953876588e+02
4.996727287278501990e+02
4.995962788496656231e+02
4.995076285087573638e+02
4.994242197992612660e+02
4.993259772079648542e+02
4.992444100513017133e+02
4.991605433715494087e+02
4.990798646347823251e+02
4.990006590468868808e+02
4.989135216224290730e+02
4.988409030505636679e+02
4.987613605085634276e+02
4.986859298483274188e+02
4.986021858323370566e+02
4.985329109750344969e+02
4.984507377145228588e+02
4.983879866386052413e+02
4.983236924017689375e+02
4.982604847526965841e+02
4.981988800572143532e+02
4.981441415990531709e+02
4.980864088655682167e+02
4.980364741934548647e+02
4.979832045094651676e+02
4.979213177956926870e+02
4.978588873600145916e+02
4.977972164040718326e+02
4.977400334492492107e+02
4.976901991600743145e+02
4.976266183757531962e+02
4.975714904593230017e+02
4.975077490659224964e+02
4.974536838956123574e+02
4.973802533704922553e+02
4.973246157308614102e+02
4.972734689708861993e+02
4.972213418920077856e+02
4.971701962908014139e+02
4.971055427885720519e+02
4.970441038922290886e+02
4.969826819333244998e+02
4.969208703974416039e+02
4.968484954339845672e+02
4.967849460767288292e+02
4.967182898521850802e+02
4.966549524852595709e+02
4.965925192190337043e+02
4.965299490012691876e+02
4.964643472208422850e+02
4.964019422506391379e+02
4.963394515433412266e+02
4.962764285028556515e+02
4.962319825196025249e+02
4.961832980244062128e+02
4.961257398485903423e+02
4.960783650207163191e+02
4.960327277688967342e+02
4.959957780926332020e+02
4.959542751992015042e+02
4.959037565688805671e+02
4.958629405326061601e+02
4.958123992531446333e+02
4.957615889823798625e+02
4.957204415413485776e+02
4.956758509014957781e+02
4.956156400866502167e+02
4.955739816313877100e+02
4.955345290348063827e+02
4.954951301573359501e+02
4.954620572601220942e+02
4.954200495604553680e+02
4.953944365538665124e+02
4.953665912194640555e+02
4.953361409118228380e+02
4.953164195932486678e+02
4.952833729215311678e+02
4.952602302208354672e+02
4.952391343723215300e+02
4.951973437576342576e+02
4.951685040927829391e+02
4.951316337326883286e+02
4.951045653892717269e+02
4.950794655413834562e+02
4.950387228248628730e+02
4.950236304341087248e+02
4.949844677041469367e+02
4.949589554404225851e+02
4.949355750001851675e+02
4.949095181832075241e+02
4.948908697604985605e+02
4.948489516698504644e+02
4.948207877165305604e+02
4.947855659245549305e+02
4.947693877005565355e+02
4.947389056022477689e+02
4.947026716254332541e+02
4.946786394184996993e+02
4.946473546273041961e+02
4.946316519775614324e+02
4.946029808220461064e+02
4.945781743233682732e+02
4.945602642108053146e+02
4.945266850461680406e+02
4.945087560920536589e+02
4.944871575753945763e+02
4.944746777291182411e+02
4.944445507709378376e+02
4.944374668100092549e+02
4.944165716490105638e+02
4.943920269921964064e+02
4.943776323223036115e+02
4.943429120764083109e+02
4.943161461264510876e+02
4.942906218463302821e+02
4.942696715017154929e+02
4.942389570437021575e+02
4.942237062782689918e+02
4.941937616128346349e+02
4.941732054257164464e+02
4.941730973173153529e+02
4.941472106493004617e+02
4.941342027963499959e+02
4.941121187174102829e+02
4.940888631394922186e+02
4.940595207389295069e+02
4.940475871980131615e+02
4.940194107389988858e+02
4.939950774028377509e+02
4.939768607193514072e+02
4.939601507177814597e+02
4.939486458743280082e+02
4.939251277776526763e+02
4.939082604032920472e+02
4.938887568663153615e+02
4.938782426764625484e+02
4.938546425897919789e+02
4.938457520406412300e+02
4.938341768153360363e+02
4.938239796002416142e+02
4.938080691380613416e+02
4.938011214556505593e+02
4.937891925558562320e+02
4.937772365887713590e+02
4.937796104262927770e+02
4.937606263281385282e+02
4.937602632678509735e+02
4.937471065811449193e+02
4.937379362115346453e+02
4.937188083036521675e+02
4.937078355438639505e+02
4.936909226572360012e+02
4.936792763990690105e+02
4.936583937671662738e+02
4.936407086605313452e+02
4.936256543994978188e+02
4.936191343726541163e+02
4.935924082545258784e+02
4.935735093456879099e+02
4.935576597072211484e+02
4.935508524913650490e+02
4.935419834734053097e+02
4.935375173604275005e+02
4.935180302914749291e+02
4.935073682514750431e+02
4.934953630237419588e+02
4.934852978414662061e+02
4.934773562132463098e+02
4.934713608360291914e+02
4.934551093287444701e+02
4.934513033194828040e+02
4.934319595814384343e+02
4.934213560969369041e+02
4.933949945794807945e+02
4.933901776140754123e+02
4.933692169622874530e+02
4.933600020075368207e+02
4.933330911844148545e+02
4.933277263922658449e+02
4.933061786636686179e+02
4.932935242419879387e+02
4.932651948742416153e+02
4.932603831918526112e+02
4.932571006078715641e+02
4.932432344422006736e+02
4.932328757179097920e+02
4.932187670661487005e+02
4.932171625369815615e+02
4.932044998610743960e+02
4.932034016570644326e+02
4.932033629199314078e+02
4.931998953285729499e+02
4.932013491883537313e+02
4.932124001418094963e+02
4.932142731155566935e+02
4.932316101915486684e+02
4.932298966134512739e+02
4.932462571488578646e+02
4.932550036339788448e+02
4.932661494305982615e+02
4.932772754608932360e+02
4.932843572923451916e+02
4.932716798653423780e+02
4.932729210156306863e+02
4.932658839488544231e+02
4.932719884520048481e+02
4.932650095475141256e+02
4.932736771044291686e+02
4.932586963929798003e+02
4.932575813011463879e+02
4.932505885926217388e+02
4.932552641814585286e+02
4.932446533006847744e+02
4.932528954798046357e+02
4.932428671412966992e+02
4.932480140358197218e+02
4.932409258438671600e+02
4.932494039124504184e+02
4.932462002585712639e+02
4.932621802100697437e+02
4.932549817673961456e+02
4.932626624065375154e+02
4.932607178502731244e+02
4.932690771011268112e+02
4.932674541058990485e+02
4.932787040527180693e+02
4.932780946340827768e+02
4.932825007075945223e+02
4.932827265620064736e+02
4.932907066113784254e+02
4.932835957559946678e+02
4.933000409022303643e+02
4.932967659043022195e+02
4.933063411802900191e+02
4.932927707588774524e+02
4.933004444282619261e+02
4.933068378373706082e+02
4.933192375157864831e+02
4.933284809738647709e+02
4.933404058913855579e+02
4.933516588731434922e+02
4.933637212906398872e+02
4.933708407856331064e+02
4.933842383167382195e+02
4.933973401626474811e+02
4.934129825786950505e+02
4.934278999460063346e+02
4.934399043607827480e+02
4.934552014558540805e+02
4.934731573575198240e+02
4.934846080728624997e+02
4.935031544607454066e+02
4.935159546907657955e+02
4.935352039136946587e+02
4.935380229516270560e+02
4.935552213254615026e+02
4.935488111469042565e+02
4.935681221580953775e+02
4.935608977801097126e+02
4.935755900480440346e+02
4.935916873406424656e+02
4.936083383742087562e+02
4.936304249979343695e+02
4.936413005549972013e+02
4.936513639647594687e+02
4.936792603657299878e+02
4.936925038027620189e+02
4.937238022434420373e+02
4.937299021627175648e+02
4.937500774608696474e+02
4.937637503130569030e+02
4.937847477405477434e+02
4.938021276722878952e+02
4.938241736850405914e+02
4.938407423412832031e+02
4.938470857974199930e+02
4.938620125175854128e+02
4.938667765257436599e+02
4.938774873528863623e+02
4.938709284862763411e+02
4.938906158735744043e+02
4.938915210786516923e+02
4.939168421198704095e+02
4.939192094047846808e+02
4.939360595921077675e+02
4.939498517264904649e+02
4.939682287500864390e+02
4.939708386553264745e+02
4.939973188971617901e+02
4.940090664183362037e+02
4.940380451581596049e+02
4.940435507898710625e+02
4.940632454706814087e+02
4.940797057806186672e+02
4.941008582385639443e+02
4.941156679060148349e+02
4.941288848418287785e+02
4.941357066369308768e+02
4.941376984085890740e+02
4.941388971478131680e+02
4.941383544670057404e+02
4.941405146430671493e+02
4.941386120134486077e+02
4.941361162139821204e+02
4.941478009940821607e+02
4.941651679821832204e+02
4.941809661562558063e+02
4.941984052295404695e+02
4.942249514527975407e+02
4.942402616228434908e+02
4.942512389237776347e+02
4.942626174199045295e+02
4.942722348682995630e+02
4.942766483801048025e+02
4.942942979544317268e+02
4.942965675638975540e+02
4.943052538080681302e+02
4.943283363159691817e+02
4.943393002159481284e+02
4.943496852521878395e+02
4.943691177344524021e+02
4.943839499600442196e+02
4.943771679448251462e+02
4.944031774297333754e+02
4.943964769321933659e+02
4.943984243192672920e+02
4.943987858188575046e+02
4.944027885231370760e+02
4.943908457097183486e+02
4.943991999992907154e+02
4.944009865443577496e+02
4.944042647651180573e+02
4.944101252513843292e+02
4.944240613460676173e+02
4.944291321251781142e+02
4.944438559251665879e+02
4.944484143776229530e+02
4.944570333488455844e+02
4.944636902704284012e+02
4.944763180308586357e+02
4.944739928044581916e+02
4.944930211985722508e+02
4.944983137377334401e+02
4.945051492245289069e+02
4.945136839754786706e+02
4.945297820739993426e+02
4.945288268684409445e+02
4.945462375109512436e+02
4.945425246679902784e+02
4.945415686368865522e+02
4.945389603097074769e+02
4.945488911819335272e+02
4.945351331961579149e+02
4.945417446096047911e+02
4.945329472416119074e+02
4.945246081337950272e+02
4.945254841030778152e+02
4.945344045658362688e+02
4.945264347375885450e+02
4.945350225753824702e+02
4.945330190703728022e+02
4.945360434496362814e+02
4.945370766905760433e+02
4.945439757578139393e+02
4.945365290877080042e+02
4.945490795663800441e+02
4.945533267186484068e+02
4.945605263981303210e+02
4.945693642868087068e+02
4.945826330101500048e+02
4.945839844171256345e+02
4.946053630973723330e+02
4.946153187221772782e+02
4.946222585223300143e+02
4.946323141509067227e+02
4.946433561548025182e+02
4.946390158286356495e+02
4.946480103912739423e+02
4.946545933605733012e+02
4.946516032770090874e+02
4.946756187640839926e+02
4.946920872814134214e+02
4.946971924962670641e+02
4.947335748839668099e+02
4.947431179400945211e+02
4.947690981206972083e+02
4.947957695435124492e+02
4.948231621722555928e+02
4.948395546151522808e+02
4.948710059537916663e+02
4.948920932790655343e+02
4.949258064393765721e+02
4.949465704435940552e+02
4.949787594646677462e+02
4.950067889070712681e+02
4.950427287573479589e+02
4.950469556395750601e+02
4.950744976175915326e+02
4.950761006442587018e+02
4.950987184311784404e+02
4.951016581102953751e+02
4.951140128767774513e+02
4.951204867089537061e+02
4.951432515913562042e+02
4.951583194333576898e+02
4.951723276465684762e+02
4.951801899777324820e+02
4.952021292069122751e+02
4.952136633761200528e+02
4.952416587189345591e+02
4.952578121072583599e+02
4.952823318156727055e+02
4.953086923555750332e+02
4.953360348980133949e+02
4.953460251198412152e+02
4.953760192813822414e+02
4.954023381304036775e+02
4.954338693329843295e+02
4.954496523670075021e+02
4.954698059335251514e+02
4.954874056705712633e+02
4.955112584924202679e+02
4.955129391698041559e+02
4.955308677289365278e+02
4.955393500267144304e+02
4.955565548909420954e+02
4.955727449563928531e+02
4.955910457792645047e+02
4.956031079211792871e+02
4.956289441994048275e+02
4.956401149369340260e+02
4.956721461383543215e+02
4.956884788181335466e+02
4.957256118378490442e+02
4.957368152511139670e+02
4.957653249285125412e+02
4.957950798407554203e+02
4.958330103678861747e+02
4.958476173479114664e+02
4.958718135570267123e+02
4.958967971615527404e+02
4.959314354487131595e+02
4.959526348935689271e+02
4.959780691736624476e+02
4.959948300529970879e+02
4.960251439454967226e+02
4.960295361272952164e+02
4.960498442278163225e+02
4.960547585234963890e+02
4.960814889479784711e+02
4.961008484925662856e+02
4.961222263087261126e+02
4.961311060984466508e+02
4.961582658896497264e+02
4.961881213534355197e+02
4.962078431808832875e+02
4.962176449113212584e+02
4.962491210259406103e+02
4.962699969427538917e+02
4.962886486996584381e+02
4.963012720568310101e+02
4.963292968304731971e+02
4.963566202569768393e+02
4.963799193440661952e+02
4.963903848941609454e+02
4.964096727332916430e+02
4.964233394311833649e+02
4.964311925206948786e+02
4.964462985691782251e+02
4.964565343681403533e+02
4.964609195273291107e+02
4.964777750034635915e+02
4.965046971036568948e+02
4.965276670712376017e+02
4.965340638777313416e+02
4.965687486918860714e+02
4.965880307337855015e+02
4.966149940007709915e+02
4.966337596495110915e+02
4.966613258101371571e+02
4.966700910172099270e+02
4.966962357907978571e+02
4.967159026587474386e+02
4.967433874480720988e+02
4.967634371118970762e+02
4.967926821132099349e+02
4.968141806196438210e+02
4.968553658978345311e+02
4.968805449832863133e+02
4.969043518827093635e+02
4.969301508040602471e+02
4.969545246964635794e+02
4.969696461561831597e+02
4.970032338344979053e+02
4.970192978323721036e+02
4.970424840685974459e+02
4.970607554389794700e+02
4.970801255989022707e+02
4.971024202266860925e+02
4.971363091843286952e+02
4.971600730674350075e+02
4.971924134392858150e+02
4.972125570836251427e+02
4.972450736811539969e+02
4.972700852375817249e+02
4.972980650567535577e+02
4.973322081584289549e+02
4.973461357448865670e+02
4.973827713932121810e+02
4.974095038347202262e+02
4.974446788789969105e+02
4.974759018771545129e+02
4.974994433707557278e+02
4.975261990194522355e+02
4.975564697397226155e+02
4.975836154235856270e+02
4.975932654280446741e+02
4.976206332139437336e+02
4.976421064842143664e+02
4.976723131116308991e+02
4.976851379640949631e+02
4.977093849748110301e+02
4.977308597115130055e+02
4.977732690686560204e+02
4.977880657304919509e+02
4.978210327577290286e+02
4.978558508685500783e+02
4.978783874691585538e+02
4.979042795401443868e+02
4.979392777449783125e+02
4.979620603477467284e+02
4.979886171182488965e+02
4.980276199282632206e+02
4.980486485403401957e+02
4.980844148865801344e+02
4.981165785774088022e+02
4.981546876350260504e+02
4.981718981502866654e+02
4.981895224165622835e+02
4.982109476219608268e+02
4.982345437537672410e+02
4.982535439810276898e+02
4.982766172899491721e+02
4.982951912402655807e+02
4.983248984412839491e+02
4.983359100935894617e+02
4.983665864203643991e+02
4.983754450063452168e+02
4.983970017265028218e+02
4.984200954319132961e+02
4.984378776410620162e+02
4.984499759285927212e+02
4.984772652874359551e+02
4.985023818229241783e+02
4.985194984799180702e+02
4.985571476049043440e+02
4.985767667594446948e+02
4.986162219606220560e+02
4.986373680991217725e+02
4.986615410619446607e+02
4.986811131028615023e+02
4.987037048854266459e+02
4.987255433931828179e+02
4.987264368854704912e+02
4.987235361096613815e+02
4.987418593580058541e+02
4.987374724657928482e+02
4.987380477342696281e+02
4.987446637848893261e+02
4.987409730937434915e+02
4.987563563264749291e+02
4.987592442371289962e+02
4.987872757885073156e+02
4.987962009476012781e+02
4.988121878063637951e+02
4.988293982190895690e+02
4.988389490716310206e+02
4.988640167672197663e+02
4.988750223271887876e+02
4.988848185010728571e+02
4.989018832345178680e+02
4.989204189873674409e+02
4.989392361910402087e+02
4.989418918238874880e+02
4.989583501029197805e+02
4.989594283047736099e+02
4.989609369205933831e+02
4.989577933224509820e+02
4.989531929115759112e+02
4.989502219112938519e+02
4.989402658553642596e+02
4.989365550263931368e+02
4.989432278616385474e+02
4.989408849839383606e+02
4.989403190048333272e+02
4.989431582211890372e+02
4.989501585741637086e+02
4.989428848219432666e+02
4.989517548144318084e+02
4.989424605800139716e+02
4.989471143175193788e+02
4.989398677306169816e+02
4.989442370645815572e+02
4.989332880817734690e+02
4.989315811457333325e+02
4.989269829318646998e+02
4.989218720281186847e+02
4.989198651415056247e+02
4.989062534912700926e+02
4.989167300021831011e+02
4.989090462676871311e+02
4.989051371466202340e+02
4.989014155246709947e+02
4.988930904959869963e+02
4.989092954778081435e+02
4.989134406216822981e+02
4.989261126703472655e+02
4.989412247733470167e+02
4.989502978310275125e+02
4.989593870598972671e+02
4.989571395941136416e+02
4.989657020119707909e+02
4.989756834843654474e+02
4.989820267591996412e+02
4.989927806451958645e+02
4.989965197782795485e+02
4.990028680643476946e+02
4.990138687418173618e+02
4.990179081857937149e+02
4.990322726171525005e+02
4.990346437682612759e+02
4.990353359489630520e+02
4.990473726377326784e+02
4.990492069947075606e+02
4.990486658091067511e+02
4.990433472018636394e+02
4.990415396995197739e+02
4.990305680843046048e+02
4.990283475716619819e+02
4.990301238637881056e+02
4.990254373184832275e+02
4.990236766176668652e+02
4.990256808721691755e+02
4.990234545210349211e+02
4.990326258350698936e+02
4.990312229200069964e+02
4.990297592341282780e+02
4.990307515972734791e+02
4.990373760858586252e+02
4.990454808934127300e+02
4.990490280523309821e+02
4.990498762104065804e+02
4.990587615437237901e+02
4.990629501125322349e+02
4.990726229302164825e+02
4.990741221437718309e+02
4.990875023670353698e+02
4.990970245132194805e+02
4.990978008238628263e+02
4.991089762784129107e+02
4.991086519553451808e+02
4.990912317487554901e+02
4.990873114348256081e+02
4.990888387250452070e+02
4.990928339657261859e+02
4.990982862525679593e+02
4.990948067576894687e+02
4.991069086178708858e+02
4.991238875327268261e+02
4.991332936163765339e+02
4.991529742156644716e+02
4.991669442209444014e+02
4.991721810517617541e+02
4.991858427445529856e+02
4.991943978085312210e+02
4.992161672900413123e+02
4.992328766204670387e+02
4.992482201241813868e+02
4.992740597059857919e+02
4.993024439051060313e+02
4.993229856103470752e+02
4.993451362601277879e+02
4.993702482999083259e+02
4.993771604472775039e+02
4.993918905098778396e+02
4.994071760197521712e+02
4.994042230498229742e+02
4.994187161411091438e+02
4.994374494356440550e+02
4.994624220482447186e+02
4.994822087714740633e+02
4.995057407583578879e+02
4.995352045485253711e+02
4.995610030528948187e+02
4.995929001594605552e+02
4.996213333784026531e+02
4.996587105401538338e+02
4.996876858189262975e+02
4.997196053024698585e+02
4.997674682432258351e+02
4.997842835733405309e+02
4.998080546889268021e+02
4.998470495054739331e+02
4.998623321090968830e+02
4.998933229489780388e+02
4.999258187742429413e+02
4.999376324728838767e+02
4.999652990484568704e+02
4.999943928360359564e+02
5.000037751667484258e+02
5.000145643069583912e+02
5.000305402188756148e+02
5.000355928735502289e+02
5.000508443038611972e+02
5.000807401151763543e+02
5.000934470064488551e+02
5.001104698595721629e+02
5.001420057465679179e+02
5.001496539119061140e+02
5.001782712814676302e+02
5.002064761301288627e+02
5.002169627561432321e+02
5.002441491956992081e+02
5.002731540245725910e+02
5.002925206883999181e+02
5.003145192985655285e+02
5.003370202113922574e+02
5.003588978963092586e+02
5.003814130127597082e+02
5.004115226337763147e+02
5.004323334523667199e+02
5.004594208769504462e+02
5.004927539092720394e+02
5.005062949537921213e+02
5.005219169641055146e+02
5.005405530423207097e+02
5.005471197489876545e+02
5.005755327020791015e+02
5.006026520468201397e+02
5.006161741670593415e+02
5.006550103841836972e+02
5.006810845110536548e+02
5.006967970277006543e+02
5.007350104672663065e+02
5.007660925518015347e+02
5.007885406577784693e+02
5.008371973743156218e+02
5.008676526541428302e+02
5.009059339270755800e+02
5.009446217409958422e+02
5.009902820764233979e+02
5.010356120297631719e+02
5.010845489375828379e+02
5.011323660191125668e+02
5.011772831130392660e+02
5.012252781548043004e+02
5.012710101566665912e+02
5.013130422686073757e+02
5.013430647707557455e+02
5.013680991431485836e+02
5.013868697732846158e+02
5.014092092405961694e+02
5.014458731100585283e+02
5.014716698532653822e+02
5.015008057541851372e+02
5.015377224845269097e+02
5.015683145256578541e+02
5.016012250707158273e+02
5.016396863423939863e+02
5.016736042141615144e+02
5.017074711717357900e+02
5.017540444645633784e+02
5.017909327612968582e+02
5.018314972091332606e+02
5.018815437370014934e+02
5.019161908404572046e+02
5.019594789471999547e+02
5.020061121760626861e+02
5.020492981328898736e+02
5.020952239648826207e+02
5.021421674168367417e+02
5.021848386946433607e+02
5.022277162807583863e+02
5.022682694888104606e+02
5.023126006370404752e+02
5.023465620081452698e+02
5.023799094771781597e+02
5.024085610360292549e+02
5.024385783672790922e+02
5.024605960579735324e+02
5.024906697063241836e+02
5.025252245326840352e+02
5.025558071663326700e+02
5.025826046146125350e+02
5.026184778483409445e+02
5.026464195419010252e+02
5.026826639555855536e+02
5.027054542048832104e+02
5.027459128184386259e+02
5.027763060797892081e+02
5.028229129059401998e+02
5.028480647396103222e+02
5.028947563212432783e+02
5.029273640366160976e+02
5.029847349621741159e+02
5.030204834243855316e+02
5.030677581820188493e+02
