5.007134670935318166e-01
1.000670597470803225e+00
1.500627534003322161e+00
2.000410774299332672e+00
2.499577059756050712e+00
2.997408142729971914e+00
3.493000683065767387e+00
3.985380293200657675e+00
4.473591800073227098e+00
4.956759538966696965e+00
5.434107416112722966e+00
5.904978019694757663e+00
6.368829590706528876e+00
6.825227990975016645e+00
7.273832992365280248e+00
7.714389818437393131e+00
8.146716096060877987e+00
8.570690991396000769e+00
8.986245464709133657e+00
9.393353716795092012e+00
9.792025790973188037e+00
1.018230124008537096e+01
1.056424374519590970e+01
1.093793656795197577e+01
1.130347872346254334e+01
1.166098177014137427e+01
1.201056712437787866e+01
1.235236381955157547e+01
1.268650665093002949e+01
1.301313495923517038e+01
1.333239026777447300e+01
1.364441632595757525e+01
1.394936070243360859e+01
1.424736558203058046e+01
1.453857535484950780e+01
1.482313385621328550e+01
1.510118370927490972e+01
1.537286600963791905e+01
1.563832007320737993e+01
1.589768323670257999e+01
1.615109070198631258e+01
1.639867541681042340e+01
1.664056798578772600e+01
1.687689660641444434e+01
1.710778702581611554e+01
1.733336251460068311e+01
1.755374385479747090e+01
1.776904933935844255e+01
1.797939478111495859e+01
1.818489352943180748e+01
1.838565649309192196e+01
1.858179216818927770e+01
1.877340667001159957e+01
1.896060376806514824e+01
1.914348492353671816e+01
1.932214932860736667e+01
1.949669394713219006e+01
1.966721355628389389e+01
1.983380078882771969e+01
1.999654617575346194e+01
2.015553818903905636e+01
2.031086328436079214e+01
2.046260594359928575e+01
2.061084871701838139e+01
2.075567226501807738e+01
2.089715539938198674e+01
2.103537512395636000e+01
2.117040667471128756e+01
2.130232355914606046e+01
2.143119759501001909e+01
2.155709894831807816e+01
2.168009617064654293e+01
2.180025623570013948e+01
2.191764457514564057e+01
2.203232511371103897e+01
2.214436030355211926e+01
2.225381115789082287e+01
2.236073728393160920e+01
2.246519691506372496e+01
2.256724694235837703e+01
2.266694294537104071e+01
2.276433922225962192e+01
2.285948881923006581e+01
2.295244355932120683e+01
2.304325407054115260e+01
2.313196981336754376e+01
2.321863910762436944e+01
2.330330915874780118e+01
2.338602608345378187e+01
2.346683493481984328e+01
2.354577972679365772e+01
2.362290345814070491e+01
2.369824813584320822e+01
2.377185479796242618e+01
2.384376353597618703e+01
2.391401351660329766e+01
2.398264300312632713e+01
2.404968937622406955e+01
2.411518915432469257e+01
2.417917801349047835e+01
2.424169080684471211e+01
2.430276158355123783e+01
2.436242360735676726e+01
2.442070937470601066e+01
2.447765063243934236e+01
2.453327839508262187e+01
2.458762296173842543e+01
2.464071393258792853e+01
2.469258022501233896e+01
2.474325008934260239e+01
2.479275112424593885e+01
2.484111029175760876e+01
2.488835393196599099e+01
2.493450777735900914e+01
2.497959696683970066e+01
2.502364605941852460e+01
2.506667904758987575e+01
2.510871937040007040e+01
2.514978992621391285e+01
2.518991308518681649e+01
2.522911070144922263e+01
2.526740412500997124e+01
2.530481421338512504e+01
2.534136134295854248e+01
2.537706542008040600e+01
2.541194589190973119e+01
2.544602175700678615e+01
2.547931157568116589e+01
2.551183348010116703e+01
2.554360518416996939e+01
2.557464399317401060e+01
2.560496681320876888e+01
2.563459016038713756e+01
2.566353016983540414e+01
2.569180260448166564e+01
2.571942286364155805e+01
2.574640599140593622e+01
2.577276668483502675e+01
2.579851930196362275e+01
2.582367786962155520e+01
2.584825609107381084e+01
2.587226735348439988e+01
2.589572473520804152e+01
2.591864101291364264e+01
2.594102866854348477e+01
2.596289989611182847e+01
2.598426660834675062e+01
2.600514044317871765e+01
2.602553277007951849e+01
2.604545469625494647e+01
2.606491707269465863e+01
2.608393050008244884e+01
2.610250533457021405e+01
2.612065169341870430e+01
2.613837946050817251e+01
2.615569829172188676e+01
2.617261762020548588e+01
2.618914666150498860e+01
2.620529441858628772e+01
2.622106968673886485e+01
2.623648105836637967e+01
2.625153692766676983e+01
2.626624549520433760e+01
2.628061477237644894e+01
2.629465258577713982e+01
2.630836658146008133e+01
2.632176422910319857e+01
2.633485282607725253e+01
2.634763950142053091e+01
2.636013121972186468e+01
2.637233478491410210e+01
2.638425684398003668e+01
2.639590389057284625e+01
2.640728226855305749e+01
2.641839817544390456e+01
2.642925766580694358e+01
2.643986665453985552e+01
2.645023092009814292e+01
2.646035610764251800e+01
2.647024773211369464e+01
2.647991118123623622e+01
2.648935171845312553e+01
2.649857448579265196e+01
2.650758450666912935e+01
2.651638668861904335e+01
2.652498582597406340e+01
2.653338660247241876e+01
2.654159359380999561e+01
2.654961127013262256e+01
2.655744399847085191e+01
2.656509604511858669e+01
2.657257157795680058e+01
2.657987466872370419e+01
2.658700929523253365e+01
2.659397934353814463e+01
2.660078861005366946e+01
2.660744080361832786e+01
2.661393954751754976e+01
2.662028838145646858e+01
2.662649076348795063e+01
2.663255007189608747e+01
2.663846960703626010e+01
2.664425259313279071e+01
2.664990218003507039e+01
2.665542144493323917e+01
2.666081339403421069e+01
2.666608096419913920e+01
2.667122702454300409e+01
2.667625437799737043e+01
2.668116576283708596e+01
2.668596385417173522e+01
2.669065126540272104e+01
2.669523054964671260e+01
2.669970420112626996e+01
2.670407465652838397e+01
2.670834429633168483e+01
2.671251544610302631e+01
2.671659037776417023e+01
2.672057131082923220e+01
2.672446041361363456e+01
2.672825980441508165e+01
2.673197155266739244e+01
2.673559768006764159e+01
2.673914016167734076e+01
2.674260092699820035e+01
2.674598186102309683e+01
2.674928480526275365e+01
2.675251155874879672e+01
2.675566387901363186e+01
2.675874348304771644e+01
2.676175204823478637e+01
2.676469121326546841e+01
2.676756257902984260e+01
2.677036770948940614e+01
2.677310813252892530e+01
2.677578534078862660e+01
2.677840079247721761e+01
2.678095591216613869e+01
2.678345209156546858e+01
2.678589069028198111e+01
2.678827303655967640e+01
2.679060042800323771e+01
2.679287413228481896e+01
2.679509538783451106e+01
2.679726540451487438e+01
2.679938536427992801e+01
2.680145642181893351e+01
2.680347970518532108e+01
2.680545631641111370e+01
2.680738733210718650e+01
2.680927380404964921e+01
2.681111675975274267e+01
2.681291720302848347e+01
2.681467611453343380e+01
2.681639445230283059e+01
2.681807315227240451e+01
2.681971312878815183e+01
2.682131527510438218e+01
2.682288046387022007e+01
2.682440954760494378e+01
2.682590335916230728e+01
2.682736271218420043e+01
2.682878840154378963e+01
2.683018120377849058e+01
2.683154187751292596e+01
2.683287116387210602e+01
2.683416978688513765e+01
2.683543845387955429e+01
2.683667785586659349e+01
2.683788866791757499e+01
2.683907154953159235e+01
2.684022714499472073e+01
2.684135608373094684e+01
2.684245898064501290e+01
2.684353643645731680e+01
2.684458903803112761e+01
2.684561735869223398e+01
2.684662195854120625e+01
2.684760338475848584e+01
2.684856217190242234e+01
2.684949884220040772e+01
2.685041390583334930e+01
2.685130786121354518e+01
2.685218119525615421e+01
2.685303438364439899e+01
2.685386789108867589e+01
2.685468217157965398e+01
2.685547766863556518e+01
2.685625481554376748e+01
2.685701403559676237e+01
2.685775574232273044e+01
2.685848033971078053e+01
2.685918822243099058e+01
2.685987977604938237e+01
2.686055537723792597e+01
2.686121539397968760e+01
2.686186018576928802e+01
2.686249010380868896e+01
2.686310549119849256e+01
2.686370668312482124e+01
2.686429400704187742e+01
2.686486778285031463e+01
2.686542832307145900e+01
2.686597593301755182e+01
2.686651091095802713e+01
2.686703354828199508e+01
2.686754412965692751e+01
2.686804293318372316e+01
2.686853023054818124e+01
2.686900628716899320e+01
2.686947136234228140e+01
2.686992570938286562e+01
2.687036957576220075e+01
2.687080320324320581e+01
2.687122682801190976e+01
2.687164068080613077e+01
2.687204498704112510e+01
2.687243996693238302e+01
2.687282583561556137e+01
2.687320280326367694e+01
2.687357107520157840e+01
2.687393085201776799e+01
2.687428232967366881e+01
2.687462569961036962e+01
2.687496114885287568e+01
2.687528886011199702e+01
2.687560901188384577e+01
2.687592177854708453e+01
2.687622733045787982e+01
2.687652583404271311e+01
2.687681745188900706e+01
2.687710234283370880e+01
2.687738066204978082e+01
2.687765256113073420e+01
2.687791818817319012e+01
2.687817768785754069e+01
2.687843120152676946e+01
2.687867886726342803e+01
2.687892081996484350e+01
2.687915719141658499e+01
2.687938811036426756e+01
2.687961370258366500e+01
2.687983409094920617e+01
2.688004939550091166e+01
2.688025973350978148e+01
2.688046521954166224e+01
2.688066596551965048e+01
2.688086208078505024e+01
2.688105367215693065e+01
2.688124084399031943e+01
2.688142369823302857e+01
2.688160233448117609e+01
2.688177685003346085e+01
2.688194733994412644e+01
2.688211389707476329e+01
2.688227661214486020e+01
2.688243557378124393e+01
2.688259086856633928e+01
2.688274258108532422e+01
2.688289079397220505e+01
2.688303558795483283e+01
2.688317704189885404e+01
2.688331523285069835e+01
2.688345023607951134e+01
2.688358212511816703e+01
2.688371097180333180e+01
2.688383684631455139e+01
2.688395981721252781e+01
2.688407995147642637e+01
2.688419731454037276e+01
2.688431197032908315e+01
2.688442398129269861e+01
2.688453340844078099e+01
2.688464031137555921e+01
2.688474474832437977e+01
2.688484677617143248e+01
2.688494645048873366e+01
2.688504382556638106e+01
2.688513895444214441e+01
2.688523188893033122e+01
2.688532267965003797e+01
2.688541137605269071e+01
2.688549802644899600e+01
2.688558267803525936e+01
2.688566537691906788e+01
2.688574616814443985e+01
2.688582509571633494e+01
2.688590220262461372e+01
2.688597753086747844e+01
2.688605112147434184e+01
2.688612301452815956e+01
2.688619324918727216e+01
2.688626186370674631e+01
2.688632889545918658e+01
2.688639438095511380e+01
2.688645835586282828e+01
2.688652085502786093e+01
2.688658191249194829e+01
2.688664156151155282e+01
2.688669983457600665e+01
2.688675676342518273e+01
2.688681237906680366e+01
2.688686671179331356e+01
2.688691979119838393e+01
2.688697164619303592e+01
2.688702230502138946e+01
2.688707179527603586e+01
2.688712014391308003e+01
2.688716737726680961e+01
2.688721352106404794e+01
2.688725860043816951e+01
2.688730263994277436e+01
2.688734566356508182e+01
2.688738769473897605e+01
2.688742875635778162e+01
2.688746887078674064e+01
2.688750805987517722e+01
2.688754634496840268e+01
2.688758374691934350e+01
2.688762028609991006e+01
2.688765598241207755e+01
2.688769085529872882e+01
2.688772492375425927e+01
2.688775820633489388e+01
2.688779072116882674e+01
2.688782248596607261e+01
2.688785351802811263e+01
2.688788383425733741e+01
2.688791345116624498e+01
2.688794238488641142e+01
2.688797065117731577e+01
2.688799826543489857e+01
2.688802524269994976e+01
2.688805159766630837e+01
2.688807734468886679e+01
2.688810249779138672e+01
2.688812707067412333e+01
2.688815107672131788e+01
2.688817452900845950e+01
2.688819744030942260e+01
2.688821982310341596e+01
2.688824168958178618e+01
2.688826305165466124e+01
2.688828392095742359e+01
2.688830430885705525e+01
2.688832422645833731e+01
2.688834368460989310e+01
2.688836269391008216e+01
2.688838126471279821e+01
2.688839940713308962e+01
2.688841713105267672e+01
2.688843444612533773e+01
2.688845136178215967e+01
2.688846788723667203e+01
2.688848403148987387e+01
2.688849980333514722e+01
2.688851521136301059e+01
2.688853026396582990e+01
2.688854496934238725e+01
2.688855933550232535e+01
2.688857337027053518e+01
2.688858708129140496e+01
2.688860047603298042e+01
2.688861356179104334e+01
2.688862634569307986e+01
2.688863883470216010e+01
2.688865103562072889e+01
2.688866295509432902e+01
2.688867459961519302e+01
2.688868597552579942e+01
2.688869708902232603e+01
2.688870794615801429e+01
2.688871855284646983e+01
2.688872891486489181e+01
2.688873903785721353e+01
2.688874892733717914e+01
2.688875858869133495e+01
2.688876802718197467e+01
2.688877724795001711e+01
2.688878625601777728e+01
2.688879505629172328e+01
2.688880365356514446e+01
2.688881205252076256e+01
2.688882025773327555e+01
2.688882827367186223e+01
2.688883610470259455e+01
2.688884375509084634e+01
2.688885122900358837e+01
2.688885853051167629e+01
2.688886566359205332e+01
2.688887263212993517e+01
2.688887943992090968e+01
2.688888609067300450e+01
2.688889258800872284e+01
2.688889893546699739e+01
2.688890513650512659e+01
2.688891119450067180e+01
2.688891711275326202e+01
2.688892289448642359e+01
2.688892854284932099e+01
2.688893406091847638e+01
2.688893945169944644e+01
2.688894471812844600e+01
2.688894986307397517e+01
2.688895488933834699e+01
2.688895979965925420e+01
2.688896459671122230e+01
2.688896928310708034e+01
2.688897386139939272e+01
2.688897833408184113e+01
2.688898270359058174e+01
2.688898697230558099e+01
2.688899114255189460e+01
2.688899521660095715e+01
2.688899919667179716e+01
2.688900308493225921e+01
2.688900688350018697e+01
2.688901059444456010e+01
2.688901421978663464e+01
2.688901776150104794e+01
2.688902122151688445e+01
2.688902460171872377e+01
2.688902790394767450e+01
2.688903113000238676e+01
2.688903428164000786e+01
2.688903736057715221e+01
2.688904036849084278e+01
2.688904330701941348e+01
2.688904617776341155e+01
2.688904898228645379e+01
2.688905172211609695e+01
2.688905439874465486e+01
2.688905701363002265e+01
2.688905956819646192e+01
2.688906206383537523e+01
2.688906450190608766e+01
2.688906688373654319e+01
2.688906921062406852e+01
2.688907148383606227e+01
2.688907370461068780e+01
2.688907587415754108e+01
2.688907799365832219e+01
2.688908006426747477e+01
2.688908208711279357e+01
2.688908406329608880e+01
2.688908599389372611e+01
2.688908787995725902e+01
2.688908972251397955e+01
2.688909152256747959e+01
2.688909328109819796e+01
2.688909499906397116e+01
2.688909667740053067e+01
2.688909831702202169e+01
2.688909991882150763e+01
2.688910148367144615e+01
2.688910301242417233e+01
2.688910450591235701e+01
2.688910596494947214e+01
2.688910739033021002e+01
2.688910878283094874e+01
2.688911014321014292e+01
2.688911147220875719e+01
2.688911277055066762e+01
2.688911403894304541e+01
2.688911527807675128e+01
2.688911648862671555e+01
2.688911767125228636e+01
2.688911882659761332e+01
2.688911995529198862e+01
2.688912105795018093e+01
2.688912213517277650e+01
2.688912318754651309e+01
2.688912421564459621e+01
2.688912522002700456e+01
2.688912620124079922e+01
2.688912715982042201e+01
2.688912809628798328e+01
2.688912901115356036e+01
2.688912990491545330e+01
2.688913077806047269e+01
2.688913163106419901e+01
2.688913246439124194e+01
2.688913327849549262e+01
2.688913407382037590e+01
2.688913485079908838e+01
2.688913560985482221e+01
2.688913635140102087e+01
2.688913707584158530e+01
2.688913778357110118e+01
2.688913847497504861e+01
2.688913915043002234e+01
2.688913981030391653e+01
2.688914045495615923e+01
2.688914108473786868e+01
2.688914169999207715e+01
2.688914230105389436e+01
2.688914288825070642e+01
2.688914346190233573e+01
2.688914402232124701e+01
2.688914456981268231e+01
2.688914510467484220e+01
2.688914562719905987e+01
2.688914613766993611e+01
2.688914663636551694e+01
2.688914712355742509e+01
2.688914759951102340e+01
2.688914806448554984e+01
2.688914851873426670e+01
2.688914896250458852e+01
2.688914939603822774e+01
2.688914981957131900e+01
2.688915023333455068e+01
2.688915063755329271e+01
2.688915103244771032e+01
2.688915141823288835e+01
2.688915179511895914e+01
2.688915216331120206e+01
2.688915252301016068e+01
2.688915287441175650e+01
2.688915321770738842e+01
2.688915355308403932e+01
2.688915388072437906e+01
2.688915420080687468e+01
2.688915451350585428e+01
2.688915481899164561e+01
2.688915511743063291e+01
2.688915540898537415e+01
2.688915569381466852e+01
2.688915597207365593e+01
2.688915624391390224e+01
2.688915650948346681e+01
2.688915676892699835e+01
2.688915702238580607e+01
2.688915726999794842e+01
2.688915751189829351e+01
2.688915774821859728e+01
2.688915797908757455e+01
2.688915820463097717e+01
2.688915842497165443e+01
2.688915864022961699e+01
2.688915885052210797e+01
2.688915905596367395e+01
2.688915925666621476e+01
2.688915945273904740e+01
2.688915964428895933e+01
2.688915983142029020e+01
2.688916001423496738e+01
2.688916019283255920e+01
2.688916036731034609e+01
2.688916053776336668e+01
2.688916070428445693e+01
2.688916086696431762e+01
2.688916102589155699e+01
2.688916118115274045e+01
2.688916133283243326e+01
2.688916148101324666e+01
2.688916162577589830e+01
2.688916176719923357e+01
2.688916190536028239e+01
2.688916204033429835e+01
2.688916217219479776e+01
2.688916230101360227e+01
2.688916242686087443e+01
2.688916254980516740e+01
2.688916266991343562e+01
2.688916278725110587e+01
2.688916290188208436e+01
2.688916301386881003e+01
2.688916312327228297e+01
2.688916323015208576e+01
2.688916333456643670e+01
2.688916343657220764e+01
2.688916353622495947e+01
2.688916363357896699e+01
2.688916372868725801e+01
2.688916382160163465e+01
2.688916391237270886e+01
2.688916400104992022e+01
2.688916408768156785e+01
2.688916417231483891e+01
2.688916425499582630e+01
2.688916433576957132e+01
2.688916441468006369e+01
2.688916449177028767e+01
2.688916456708222924e+01
2.688916464065691514e+01
2.688916471253441642e+01
2.688916478275387689e+01
2.688916485135354861e+01
2.688916491837079548e+01
2.688916498384212517e+01
2.688916504780318917e+01
2.688916511028883249e+01
2.688916517133308304e+01
2.688916523096919775e+01
2.688916528922965199e+01
2.688916534614618215e+01
2.688916540174978920e+01
2.688916545607075648e+01
2.688916550913867809e+01
2.688916556098245536e+01
2.688916561163032171e+01
2.688916566110986750e+01
2.688916570944804008e+01
2.688916575667117925e+01
2.688916580280499247e+01
2.688916584787460806e+01
2.688916589190458595e+01
2.688916593491889984e+01
2.688916597694097632e+01
2.688916601799371264e+01
2.688916605809946248e+01
2.688916609728007501e+01
2.688916613555688429e+01
2.688916617295074474e+01
2.688916620948201697e+01
2.688916624517060683e+01
2.688916628003594766e+01
2.688916631409702873e+01
2.688916634737240940e+01
2.688916637988020852e+01
2.688916641163813281e+01
2.688916644266348044e+01
2.688916647297314810e+01
2.688916650258365237e+01
2.688916653151111191e+01
2.688916655977128656e+01
2.688916658737956666e+01
2.688916661435099442e+01
2.688916664070026030e+01
2.688916666644171372e+01
2.688916669158937367e+01
2.688916671615693943e+01
2.688916674015779051e+01
2.688916676360500446e+01
2.688916678651134617e+01
2.688916680888929989e+01
2.688916683075104785e+01
2.688916685210849877e+01
2.688916687297328423e+01
2.688916689335677290e+01
2.688916691327006703e+01
2.688916693272400593e+01
2.688916695172919447e+01
2.688916697029597458e+01
2.688916698843447506e+01
2.688916700615455824e+01
2.688916702346588394e+01
2.688916704037788463e+01
2.688916705689976183e+01
2.688916707304052167e+01
2.688916708880895357e+01
2.688916710421364442e+01
2.688916711926298930e+01
2.688916713396518432e+01
2.688916714832823729e+01
2.688916716235996773e+01
2.688916717606802109e+01
2.688916718945986517e+01
2.688916720254279369e+01
2.688916721532392984e+01
2.688916722781023694e+01
2.688916724000851488e+01
2.688916725192541080e+01
2.688916726356740838e+01
2.688916727494085634e+01
2.688916728605194706e+01
2.688916729690673435e+01
2.688916730751112993e+01
2.688916731787090342e+01
2.688916732799170717e+01
2.688916733787904789e+01
2.688916734753831150e+01
2.688916735697475957e+01
2.688916736619353287e+01
2.688916737519965139e+01
2.688916738399802142e+01
2.688916739259343558e+01
2.688916740099057279e+01
2.688916740919400894e+01
2.688916741720821335e+01
2.688916742503755231e+01
2.688916743268628551e+01
2.688916744015858029e+01
2.688916744745851162e+01
2.688916745459004431e+01
2.688916746155707571e+01
2.688916746836339300e+01
2.688916747501270521e+01
2.688916748150863967e+01
2.688916748785472421e+01
2.688916749405441919e+01
2.688916750011110324e+01
2.688916750602807682e+01
2.688916751180855869e+01
2.688916751745569655e+01
2.688916752297257418e+01
2.688916752836219004e+01
2.688916753362747869e+01
2.688916753877131072e+01
2.688916754379648921e+01
2.688916754870574621e+01
2.688916755350176047e+01
2.688916755818714321e+01
2.688916756276444531e+01
2.688916756723616075e+01
2.688916757160472315e+01
2.688916757587251638e+01
2.688916758004186036e+01
2.688916758411502528e+01
2.688916758809423513e+01
2.688916759198165352e+01
2.688916759577940141e+01
2.688916759948954294e+01
2.688916760311410314e+01
2.688916760665505024e+01
2.688916761011431689e+01
2.688916761349378604e+01
2.688916761679530154e+01
2.688916762002065752e+01
2.688916762317161258e+01
2.688916762624988266e+01
2.688916762925714465e+01
2.688916763219503636e+01
2.688916763506516006e+01
2.688916763786907893e+01
2.688916764060831355e+01
2.688916764328436315e+01
2.688916764589868080e+01
2.688916764845269469e+01
2.688916765094779393e+01
2.688916765338533565e+01
2.688916765576665213e+01
2.688916765809303655e+01
2.688916766036576078e+01
2.688916766258605406e+01
2.688916766475513143e+01
2.688916766687417237e+01
2.688916766894433152e+01
2.688916767096674221e+01
2.688916767294249865e+01
2.688916767487267734e+01
2.688916767675832986e+01
2.688916767860049006e+01
2.688916768040015626e+01
2.688916768215830544e+01
2.688916768387590039e+01
2.688916768555387193e+01
2.688916768719313666e+01
2.688916768879459340e+01
2.688916769035910193e+01
2.688916769188752554e+01
2.688916769338068491e+01
2.688916769483941138e+01
2.688916769626448300e+01
2.688916769765668491e+01
2.688916769901677029e+01
2.688916770034548520e+01
2.688916770164354375e+01
2.688916770291166358e+01
2.688916770415052682e+01
2.688916770536081557e+01
2.688916770654318356e+01
2.688916770769828091e+01
2.688916770882672935e+01
2.688916770992914707e+01
2.688916771100613801e+01
2.688916771205828127e+01
2.688916771308615594e+01
2.688916771409032336e+01
2.688916771507132353e+01
2.688916771602969646e+01
2.688916771696596086e+01
2.688916771788063187e+01
2.688916771877419976e+01
2.688916771964715480e+01
2.688916772049997661e+01
2.688916772133312350e+01
2.688916772214705020e+01
2.688916772294220436e+01
2.688916772371901232e+01
2.688916772447790393e+01
2.688916772521929133e+01
2.688916772594357596e+01
2.688916772665115218e+01
2.688916772734240723e+01
2.688916772801771415e+01
2.688916772867744598e+01
2.688916772932195798e+01
2.688916772995160187e+01
2.688916773056672582e+01
2.688916773116765668e+01
2.688916773175472841e+01
2.688916773232825363e+01
2.688916773288854856e+01
2.688916773343592581e+01
2.688916773397066962e+01
2.688916773449307840e+01
2.688916773500343993e+01
2.688916773550202777e+01
2.688916773598911192e+01
2.688916773646496239e+01
2.688916773692983853e+01
2.688916773738398902e+01
2.688916773782766256e+01
2.688916773826110429e+01
2.688916773868454513e+01
2.688916773909821956e+01
2.688916773950235140e+01
2.688916773989716091e+01
2.688916774028286127e+01
2.688916774065966564e+01
2.688916774102778007e+01
2.688916774138739996e+01
2.688916774173872426e+01
2.688916774208194482e+01
2.688916774241724994e+01
2.688916774274481725e+01
2.688916774306483148e+01
2.688916774337746318e+01
2.688916774368288287e+01
2.688916774398125753e+01
2.688916774427275058e+01
2.688916774455751479e+01
2.688916774483571714e+01
2.688916774510749974e+01
2.688916774537301180e+01
2.688916774563239898e+01
2.688916774588579983e+01
2.688916774613336003e+01
2.688916774637521101e+01
2.688916774661147713e+01
2.688916774684229338e+01
2.688916774706779123e+01
2.688916774728808434e+01
2.688916774750329353e+01
2.688916774771353957e+01
2.688916774791893971e+01
2.688916774811960053e+01
2.688916774831562861e+01
2.688916774850713765e+01
2.688916774869422710e+01
2.688916774887700356e+01
2.688916774905556295e+01
2.688916774923000119e+01
2.688916774940041776e+01
2.688916774956690148e+01
2.688916774972954471e+01
2.688916774988843983e+01
2.688916775004366500e+01
2.688916775019531258e+01
2.688916775034346429e+01
2.688916775048819474e+01
2.688916775062958919e+01
2.688916775076772225e+01
2.688916775090266498e+01
2.688916775103449552e+01
2.688916775116328495e+01
2.688916775128910430e+01
2.688916775141202109e+01
2.688916775153210637e+01
2.688916775164942052e+01
2.688916775176402396e+01
2.688916775187598418e+01
2.688916775198536513e+01
2.688916775209222010e+01
2.688916775219661304e+01
2.688916775229859724e+01
2.688916775239822599e+01
2.688916775249555968e+01
2.688916775259064806e+01
2.688916775268354442e+01
2.688916775277429494e+01
2.688916775286295291e+01
2.688916775294956452e+01
2.688916775303418305e+01
2.688916775311684759e+01
2.688916775319760433e+01
2.688916775327649589e+01
2.688916775335356846e+01
2.688916775342886112e+01
2.688916775350242006e+01
2.688916775357428435e+01
2.688916775364448597e+01
2.688916775371307466e+01
2.688916775378007529e+01
2.688916775384553048e+01
2.688916775390947933e+01
2.688916775397195380e+01
2.688916775403298587e+01
2.688916775409261106e+01
2.688916775415085780e+01
2.688916775420776162e+01
2.688916775426335448e+01
2.688916775431766126e+01
2.688916775437071749e+01
2.688916775442255158e+01
2.688916775447318486e+01
2.688916775452265640e+01
2.688916775457098396e+01
2.688916775461819952e+01
2.688916775466432085e+01
2.688916775470937992e+01
2.688916775475339804e+01
2.688916775479640364e+01
2.688916775483841803e+01
2.688916775487946254e+01
2.688916775491955491e+01
2.688916775495873068e+01
2.688916775499699696e+01
2.688916775503438572e+01
2.688916775507090762e+01
2.688916775510658752e+01
2.688916775514144675e+01
2.688916775517549951e+01
2.688916775520876712e+01
2.688916775524126734e+01
2.688916775527302150e+01
2.688916775530404379e+01
2.688916775533434489e+01
2.688916775536394965e+01
2.688916775539287229e+01
2.688916775542112347e+01
2.688916775544872451e+01
2.688916775547568960e+01
2.688916775550203297e+01
2.688916775552777239e+01
2.688916775555291139e+01
2.688916775557747485e+01
2.688916775560146988e+01
2.688916775562491424e+01
2.688916775564781148e+01
2.688916775567018647e+01
2.688916775569204276e+01
2.688916775571339457e+01
2.688916775573425255e+01
2.688916775575463447e+01
2.688916775577454388e+01
2.688916775579399498e+01
2.688916775581299845e+01
2.688916775583156138e+01
2.688916775584969443e+01
2.688916775586741181e+01
2.688916775588472063e+01
2.688916775590162445e+01
2.688916775591814101e+01
2.688916775593428099e+01
2.688916775595004793e+01
2.688916775596544895e+01
2.688916775598049469e+01
2.688916775599519227e+01
2.688916775600955233e+01
2.688916775602357845e+01
2.688916775603728482e+01
2.688916775605067500e+01
2.688916775606375609e+01
2.688916775607653520e+01
2.688916775608901943e+01
2.688916775610121590e+01
2.688916775611312815e+01
2.688916775612477039e+01
2.688916775613613908e+01
2.688916775614724841e+01
2.688916775615810195e+01
2.688916775616870325e+01
2.688916775617905941e+01
2.688916775618917754e+01
2.688916775619906119e+01
2.688916775620872102e+01
2.688916775621815347e+01
2.688916775622737276e+01
2.688916775623637534e+01
2.688916775624517541e+01
2.688916775625376943e+01
2.688916775626216449e+01
2.688916775627036770e+01
2.688916775627837907e+01
2.688916775628620570e+01
2.688916775629385114e+01
2.688916775630131895e+01
2.688916775630862332e+01
2.688916775631575362e+01
2.688916775632272049e+01
2.688916775632952394e+01
2.688916775633617107e+01
2.688916775634266898e+01
2.688916775634901413e+01
2.688916775635521006e+01
2.688916775636126388e+01
2.688916775636717915e+01
2.688916775637295586e+01
2.688916775637860468e+01
2.688916775638412204e+01
2.688916775638950796e+01
2.688916775639477308e+01
2.688916775639991741e+01
2.688916775640493739e+01
2.688916775640984724e+01
2.688916775641463985e+01
2.688916775641932233e+01
2.688916775642390178e+01
2.688916775642837464e+01
2.688916775643274093e+01
2.688916775643700774e+01
2.688916775644117507e+01
2.688916775644525003e+01
2.688916775644922552e+01
2.688916775645311219e+01
2.688916775645690649e+01
2.688916775646061907e+01
2.688916775646423929e+01
2.688916775646778135e+01
2.688916775647123814e+01
2.688916775647462032e+01
2.688916775647792079e+01
2.688916775648114310e+01
2.688916775648429436e+01
2.688916775648737101e+01
2.688916775649037660e+01
2.688916775649331470e+01
2.688916775649618174e+01
2.688916775649898838e+01
2.688916775650172752e+01
2.688916775650440272e+01
2.688916775650701751e+01
2.688916775650957192e+01
2.688916775651206592e+01
2.688916775651450308e+01
2.688916775651688340e+01
2.688916775651920688e+01
2.688916775652148061e+01
2.688916775652370106e+01
2.688916775652586821e+01
2.688916775652798918e+01
2.688916775653006042e+01
2.688916775653207836e+01
2.688916775653405367e+01
2.688916775653598279e+01
2.688916775653786928e+01
2.688916775653970959e+01
2.688916775654151081e+01
2.688916775654326941e+01
2.688916775654498892e+01
2.688916775654666580e+01
2.688916775654830360e+01
2.688916775654990232e+01
2.688916775655146552e+01
2.688916775655299318e+01
2.688916775655448532e+01
2.688916775655594549e+01
2.688916775655736657e+01
2.688916775655875924e+01
2.688916775656011993e+01
2.688916775656144864e+01
2.688916775656274538e+01
2.688916775656401370e+01
2.688916775656525004e+01
2.688916775656646152e+01
2.688916775656764457e+01
2.688916775656880276e+01
2.688916775656992897e+01
2.688916775657103031e+01
2.688916775657211033e+01
2.688916775657315839e+01
2.688916775657418867e+01
2.688916775657519409e+01
2.688916775657617464e+01
2.688916775657713387e+01
2.688916775657806824e+01
2.688916775657898128e+01
2.688916775657987301e+01
2.688916775658074698e+01
2.688916775658159963e+01
2.688916775658243097e+01
2.688916775658324809e+01
2.688916775658404035e+01
2.688916775658481839e+01
2.688916775658557867e+01
2.688916775658632119e+01
2.688916775658704594e+01
2.688916775658775293e+01
2.688916775658844216e+01
2.688916775658911718e+01
2.688916775658977798e+01
2.688916775659042457e+01
2.688916775659105340e+01
2.688916775659166802e+01
2.688916775659226843e+01
2.688916775659285818e+01
2.688916775659343017e+01
2.688916775659398795e+01
2.688916775659453506e+01
2.688916775659506797e+01
2.688916775659559022e+01
2.688916775659610181e+01
2.688916775659659919e+01
2.688916775659708591e+01
2.688916775659756553e+01
2.688916775659803093e+01
2.688916775659848568e+01
2.688916775659892622e+01
2.688916775659935965e+01
2.688916775659978242e+01
2.688916775660019454e+01
2.688916775660059955e+01
2.688916775660099390e+01
2.688916775660137759e+01
2.688916775660175773e+01
2.688916775660212366e+01
2.688916775660248248e+01
2.688916775660283420e+01
2.688916775660317882e+01
2.688916775660351277e+01
2.688916775660383962e+01
2.688916775660415936e+01
2.688916775660447200e+01
2.688916775660477754e+01
2.688916775660507597e+01
2.688916775660536729e+01
2.688916775660565150e+01
2.688916775660593217e+01
2.688916775660620573e+01
2.688916775660646863e+01
2.688916775660673153e+01
2.688916775660698377e+01
2.688916775660722891e+01
2.688916775660747049e+01
2.688916775660770853e+01
2.688916775660793945e+01
2.688916775660816327e+01
2.688916775660838709e+01
2.688916775660860381e+01
2.688916775660881342e+01
2.688916775660901592e+01
2.688916775660921843e+01
2.688916775660941738e+01
2.688916775660960568e+01
2.688916775660979042e+01
2.688916775660997160e+01
2.688916775661015279e+01
2.688916775661032688e+01
2.688916775661049385e+01
2.688916775661066083e+01
2.688916775661082426e+01
2.688916775661098413e+01
2.688916775661114045e+01
2.688916775661128966e+01
2.688916775661143532e+01
2.688916775661158098e+01
2.688916775661172309e+01
2.688916775661186165e+01
2.688916775661199665e+01
2.688916775661212455e+01
2.688916775661225245e+01
2.688916775661238034e+01
2.688916775661250114e+01
2.688916775661262193e+01
2.688916775661274272e+01
2.688916775661285996e+01
2.688916775661297009e+01
2.688916775661307668e+01
2.688916775661318326e+01
2.688916775661328984e+01
2.688916775661338932e+01
2.688916775661348879e+01
2.688916775661358827e+01
2.688916775661368419e+01
2.688916775661377656e+01
2.688916775661386538e+01
2.688916775661395420e+01
2.688916775661403946e+01
2.688916775661412473e+01
2.688916775661420644e+01
2.688916775661428815e+01
2.688916775661436986e+01
2.688916775661444802e+01
2.688916775661452263e+01
2.688916775661459724e+01
2.688916775661466829e+01
2.688916775661473579e+01
2.688916775661480330e+01
2.688916775661487080e+01
2.688916775661493830e+01
2.688916775661500225e+01
2.688916775661506264e+01
2.688916775661512659e+01
2.688916775661518344e+01
2.688916775661524028e+01
2.688916775661529712e+01
2.688916775661535397e+01
2.688916775661540726e+01
2.688916775661546055e+01
2.688916775661551384e+01
2.688916775661556358e+01
2.688916775661561331e+01
2.688916775661565950e+01
2.688916775661570568e+01
2.688916775661575187e+01
2.688916775661579806e+01
2.688916775661584069e+01
2.688916775661588332e+01
2.688916775661592595e+01
2.688916775661596503e+01
2.688916775661600767e+01
2.688916775661604674e+01
2.688916775661608582e+01
2.688916775661612490e+01
2.688916775661616398e+01
2.688916775661619951e+01
2.688916775661623504e+01
2.688916775661626701e+01
2.688916775661629899e+01
2.688916775661633096e+01
2.688916775661636294e+01
2.688916775661639491e+01
2.688916775661642333e+01
2.688916775661645175e+01
2.688916775661648018e+01
2.688916775661650860e+01
2.688916775661653347e+01
2.688916775661656189e+01
2.688916775661659031e+01
2.688916775661661518e+01
2.688916775661664005e+01
2.688916775661666492e+01
2.688916775661668979e+01
2.688916775661671466e+01
2.688916775661673952e+01
2.688916775661676439e+01
2.688916775661678571e+01
2.688916775661680703e+01
2.688916775661682834e+01
2.688916775661684966e+01
2.688916775661687097e+01
2.688916775661688874e+01
2.688916775661690650e+01
2.688916775661692782e+01
2.688916775661694203e+01
2.688916775661695979e+01
2.688916775661697756e+01
2.688916775661699177e+01
2.688916775661700598e+01
2.688916775661702019e+01
2.688916775661703440e+01
2.688916775661704861e+01
2.688916775661706282e+01
2.688916775661707703e+01
2.688916775661709124e+01
2.688916775661710545e+01
2.688916775661711966e+01
2.688916775661713388e+01
2.688916775661714453e+01
2.688916775661715874e+01
2.688916775661717296e+01
2.688916775661718717e+01
2.688916775661719782e+01
2.688916775661720848e+01
2.688916775661721914e+01
2.688916775661722980e+01
2.688916775661724046e+01
2.688916775661725111e+01
2.688916775661726177e+01
2.688916775661727243e+01
2.688916775661728309e+01
2.688916775661729375e+01
2.688916775661730441e+01
2.688916775661731506e+01
2.688916775661732572e+01
2.688916775661733283e+01
2.688916775661734349e+01
2.688916775661735059e+01
2.688916775661735770e+01
2.688916775661736835e+01
2.688916775661737546e+01
2.688916775661738257e+01
2.688916775661738967e+01
2.688916775661739678e+01
2.688916775661740388e+01
2.688916775661741099e+01
2.688916775661741809e+01
2.688916775661742520e+01
2.688916775661743230e+01
2.688916775661743941e+01
2.688916775661744651e+01
2.688916775661745362e+01
2.688916775661745717e+01
2.688916775661746428e+01
2.688916775661747138e+01
2.688916775661747494e+01
2.688916775661747849e+01
2.688916775661748559e+01
2.688916775661748915e+01
2.688916775661749270e+01
2.688916775661749980e+01
2.688916775661750336e+01
2.688916775661750691e+01
2.688916775661751402e+01
2.688916775661751757e+01
2.688916775661752112e+01
2.688916775661752467e+01
2.688916775661752823e+01
2.688916775661753178e+01
2.688916775661753533e+01
2.688916775661753888e+01
2.688916775661754244e+01
2.688916775661754599e+01
2.688916775661754954e+01
2.688916775661755310e+01
2.688916775661755665e+01
2.688916775661756020e+01
2.688916775661756375e+01
2.688916775661756731e+01
2.688916775661757086e+01
2.688916775661757441e+01
2.688916775661757796e+01
2.688916775661758152e+01
2.688916775661758507e+01
2.688916775661758862e+01
2.688916775661758862e+01
2.688916775661759218e+01
2.688916775661759573e+01
2.688916775661759573e+01
2.688916775661759928e+01
2.688916775661760283e+01
2.688916775661760283e+01
2.688916775661760639e+01
2.688916775661760994e+01
2.688916775661760994e+01
2.688916775661761349e+01
2.688916775661761704e+01
2.688916775661761704e+01
2.688916775661761704e+01
2.688916775661762060e+01
2.688916775661762415e+01
2.688916775661762415e+01
2.688916775661762415e+01
2.688916775661762415e+01
2.688916775661762415e+01
2.688916775661762415e+01
2.688916775661762770e+01
2.688916775661763126e+01
2.688916775661763126e+01
2.688916775661763126e+01
2.688916775661763126e+01
2.688916775661763126e+01
2.688916775661763126e+01
2.688916775661763126e+01
2.688916775661763126e+01
2.688916775661763126e+01
2.688916775661763126e+01
2.688916775661763126e+01
2.688916775661763126e+01
2.688916775661763126e+01
2.688916775661763126e+01
2.688916775661763126e+01
2.688916775661763126e+01
2.688916775661763126e+01
2.688916775661763481e+01
2.688916775661763836e+01
2.688916775661763836e+01
2.688916775661763836e+01
2.688916775661763836e+01
2.688916775661763836e+01
2.688916775661763836e+01
2.688916775661763836e+01
2.688916775661763836e+01
2.688916775661763836e+01
2.688916775661763836e+01
2.688916775661763836e+01
2.688916775661763836e+01
2.688916775661763836e+01
2.688916775661763836e+01
2.688916775661763836e+01
2.688916775661763836e+01
2.688916775661763836e+01
2.688916775661763836e+01
2.688916775661763836e+01
2.688916775661763836e+01
2.688916775661763836e+01
2.688916775661763836e+01
2.688916775661763836e+01
2.688916775661763836e+01
2.688916775661763836e+01
2.688916775661763836e+01
2.688916775661763836e+01
2.688916775661763836e+01
2.688916775661763836e+01
2.688916775661763836e+01
2.688916775661763836e+01
2.688916775661763836e+01
2.688916775661763836e+01
2.688916775661763836e+01
2.688916775661763836e+01
2.688916775661763836e+01
2.688916775661763836e+01
2.688916775661763836e+01
2.688916775661763836e+01
2.688916775661763836e+01
2.688916775661763836e+01
2.688916775661763836e+01
2.688916775661763836e+01
2.688916775661763836e+01
2.688916775661763836e+01
2.688916775661763836e+01
2.688916775661763836e+01
2.688916775661763836e+01
2.688916775661763836e+01
2.688916775661763836e+01
2.688916775661763836e+01
2.688916775661763836e+01
2.688916775661763836e+01
2.688916775661763836e+01
2.688916775661763836e+01
2.688916775661763836e+01
2.688916775661763836e+01
2.688916775661763836e+01
2.688916775661763836e+01
2.688916775661763836e+01
2.688916775661763836e+01
2.688916775661763836e+01
2.688916775661763836e+01
2.688916775661763836e+01
2.688916775661763836e+01
2.688916775661763836e+01
2.688916775661763836e+01
2.688916775661763836e+01
2.688916775661763836e+01
2.688916775661763836e+01
2.688916775661763836e+01
2.688916775661763836e+01
2.688916775661763836e+01
2.688916775661763836e+01
2.688916775661763836e+01
2.688916775661763836e+01
2.688916775661763836e+01
2.688916775661763836e+01
2.688916775661763836e+01
2.688916775661763836e+01
2.688916775661763836e+01
2.688916775661763836e+01
2.688916775661763836e+01
2.688916775661763836e+01
2.688916775661763836e+01
2.688916775661763836e+01
2.688916775661763836e+01
2.688916775661763836e+01
2.688916775661763836e+01
2.688916775661763836e+01
2.688916775661763836e+01
2.688916775661763836e+01
2.688916775661763836e+01
2.688916775661763836e+01
2.688916775661763836e+01
2.688916775661763836e+01
2.688916775661763836e+01
2.688916775661763836e+01
2.688916775661763836e+01
2.688916775661763836e+01
2.688916775661763836e+01
2.688916775661763836e+01
2.688916775661763836e+01
2.688916775661763836e+01
2.688916775661763836e+01
2.688916775661763836e+01
2.688916775661763836e+01
2.688916775661763836e+01
2.688916775661763836e+01
2.688916775661763836e+01
2.688916775661763836e+01
2.688916775661763836e+01
2.688916775661763836e+01
2.688916775661763836e+01
2.688916775661763836e+01
2.688916775661763836e+01
2.688916775661763836e+01
2.688916775661763836e+01
2.688916775661763836e+01
2.688916775661763836e+01
2.688916775661763836e+01
2.688916775661763836e+01
2.688916775661763836e+01
2.688916775661763836e+01
2.688916775661763836e+01
2.688916775661763836e+01
2.688916775661763836e+01
2.688916775661763836e+01
2.688916775661763836e+01
2.688916775661763836e+01
2.688916775661763836e+01
2.688916775661763836e+01
2.688916775661763836e+01
2.688916775661763836e+01
2.688916775661763836e+01
2.688916775661763836e+01
2.688916775661763836e+01
2.688916775661763836e+01
2.688916775661763836e+01
2.688916775661763836e+01
2.688916775661763836e+01
2.688916775661763836e+01
2.688916775661763836e+01
2.688916775661763836e+01
2.688916775661763836e+01
2.688916775661763836e+01
2.688916775661763836e+01
2.688916775661763836e+01
2.688916775661763836e+01
2.688916775661763836e+01
2.688916775661763836e+01
2.688916775661763836e+01
2.688916775661763836e+01
2.688916775661763836e+01
2.688916775661763836e+01
2.688916775661763836e+01
2.688916775661763836e+01
2.688916775661763836e+01
2.688916775661763836e+01
2.688916775661763836e+01
2.688916775661763836e+01
2.688916775661763836e+01
2.688916775661763836e+01
2.688916775661763836e+01
2.688916775661763836e+01
2.688916775661763836e+01
2.688916775661763836e+01
2.688916775661763836e+01
2.688916775661763836e+01
2.688916775661763836e+01
2.688916775661763836e+01
2.688916775661763836e+01
2.688916775661763836e+01
2.688916775661763836e+01
2.688916775661763836e+01
2.688916775661763836e+01
2.688916775661763836e+01
2.688916775661763836e+01
2.688916775661763836e+01
2.688916775661763836e+01
2.688916775661763836e+01
2.688916775661763836e+01
2.688916775661763836e+01
2.688916775661763836e+01
2.688916775661763836e+01
2.688916775661763836e+01
2.688916775661763836e+01
2.688916775661763836e+01
2.688916775661763836e+01
2.688916775661763836e+01
2.688916775661763836e+01
2.688916775661763836e+01
2.688916775661763836e+01
2.688916775661763836e+01
2.688916775661763836e+01
2.688916775661763836e+01
2.688916775661763836e+01
2.688916775661763836e+01
2.688916775661763836e+01
2.688916775661763836e+01
2.688916775661763836e+01
2.688916775661763836e+01
2.688916775661763836e+01
2.688916775661763836e+01
2.688916775661763836e+01
2.688916775661763836e+01
2.688916775661763836e+01
2.688916775661763836e+01
2.688916775661763836e+01
2.688916775661763836e+01
2.688916775661763836e+01
2.688916775661763836e+01
2.688916775661763836e+01
2.688916775661763836e+01
2.688916775661763836e+01
2.688916775661763836e+01
2.688916775661763836e+01
2.688916775661763836e+01
2.688916775661763836e+01
2.688916775661763836e+01
2.688916775661763836e+01
2.688916775661763836e+01
2.688916775661763836e+01
2.688916775661763836e+01
2.688916775661763836e+01
2.688916775661763836e+01
2.688916775661763836e+01
2.688916775661763836e+01
2.688916775661763836e+01
2.688916775661763836e+01
2.688916775661763836e+01
2.688916775661763836e+01
2.688916775661763836e+01
2.688916775661763836e+01
2.688916775661763836e+01
2.688916775661763836e+01
2.688916775661763836e+01
2.688916775661763836e+01
2.688916775661763836e+01
2.688916775661763836e+01
2.688916775661763836e+01
2.688916775661763836e+01
2.688916775661763836e+01
2.688916775661763836e+01
2.688916775661763836e+01
2.688916775661763836e+01
2.688916775661763836e+01
2.688916775661763836e+01
2.688916775661763836e+01
2.688916775661763836e+01
2.688916775661763836e+01
2.688916775661763836e+01
2.688916775661763836e+01
2.688916775661763836e+01
2.688916775661763836e+01
2.688916775661763836e+01
2.688916775661763836e+01
2.688916775661763836e+01
2.688916775661763836e+01
2.688916775661763836e+01
2.688916775661763836e+01
2.688916775661763836e+01
2.688916775661763836e+01
2.688916775661763836e+01
2.688916775661763836e+01
2.688916775661763836e+01
2.688916775661763836e+01
2.688916775661763836e+01
2.688916775661763836e+01
2.688916775661763836e+01
2.688916775661763836e+01
2.688916775661763836e+01
2.688916775661763836e+01
2.688916775661763836e+01
2.688916775661763836e+01
2.688916775661763836e+01
2.688916775661763836e+01
2.688916775661763836e+01
2.688916775661763836e+01
2.688916775661763836e+01
2.688916775661763836e+01
2.688916775661763836e+01
2.688916775661763836e+01
2.688916775661763836e+01
2.688916775661763836e+01
2.688916775661763836e+01
2.688916775661763836e+01
2.688916775661763836e+01
2.688916775661763836e+01
2.688916775661763836e+01
2.688916775661763836e+01
2.688916775661763836e+01
2.688916775661763836e+01
2.688916775661763836e+01
2.688916775661763836e+01
2.688916775661763836e+01
2.688916775661763836e+01
2.688916775661763836e+01
2.688916775661763836e+01
2.688916775661763836e+01
2.688916775661763836e+01
2.688916775661763836e+01
2.688916775661763836e+01
2.688916775661763836e+01
2.688916775661763836e+01
2.688916775661763836e+01
2.688916775661763836e+01
2.688916775661763836e+01
2.688916775661763836e+01
2.688916775661763836e+01
2.688916775661763836e+01
2.688916775661763836e+01
2.688916775661763836e+01
2.688916775661763836e+01
2.688916775661763836e+01
2.688916775661763836e+01
2.688916775661763836e+01
2.688916775661763836e+01
2.688916775661763836e+01
2.688916775661763836e+01
2.688916775661763836e+01
2.688916775661763836e+01
2.688916775661763836e+01
2.688916775661763836e+01
2.688916775661763836e+01
2.688916775661763836e+01
2.688916775661763836e+01
2.688916775661763836e+01
2.688916775661763836e+01
2.688916775661763836e+01
2.688916775661763836e+01
2.688916775661763836e+01
2.688916775661763836e+01
2.688916775661763836e+01
2.688916775661763836e+01
2.688916775661763836e+01
2.688916775661763836e+01
2.688916775661763836e+01
2.688916775661763836e+01
2.688916775661763836e+01
2.688916775661763836e+01
2.688916775661763836e+01
2.688916775661763836e+01
2.688916775661763836e+01
2.688916775661763836e+01
2.688916775661763836e+01
2.688916775661763836e+01
2.688916775661763836e+01
2.688916775661763836e+01
2.688916775661763836e+01
2.688916775661763836e+01
2.688916775661763836e+01
2.688916775661763836e+01
2.688916775661763836e+01
2.688916775661763836e+01
2.688916775661763836e+01
2.688916775661763836e+01
2.688916775661763836e+01
2.688916775661763836e+01
2.688916775661763836e+01
2.688916775661763836e+01
2.688916775661763836e+01
2.688916775661763836e+01
2.688916775661763836e+01
2.688916775661763836e+01
2.688916775661763836e+01
2.688916775661763836e+01
2.688916775661763836e+01
2.688916775661763836e+01
2.688916775661763836e+01
2.688916775661763836e+01
2.688916775661763836e+01
2.688916775661763836e+01
2.688916775661763836e+01
2.688916775661763836e+01
2.688916775661763836e+01
2.688916775661763836e+01
2.688916775661763836e+01
2.688916775661763836e+01
2.688916775661763836e+01
2.688916775661763836e+01
2.688916775661763836e+01
2.688916775661763836e+01
2.688916775661763836e+01
2.688916775661763836e+01
2.688916775661763836e+01
2.688916775661763836e+01
2.688916775661763836e+01
2.688916775661763836e+01
2.688916775661763836e+01
2.688916775661763836e+01
2.688916775661763836e+01
2.688916775661763836e+01
2.688916775661763836e+01
2.688916775661763836e+01
2.688916775661763836e+01
2.688916775661763836e+01
2.688916775661763836e+01
2.688916775661763836e+01
2.688916775661763836e+01
2.688916775661763836e+01
2.688916775661763836e+01
2.688916775661763836e+01
2.688916775661763836e+01
2.688916775661763836e+01
2.688916775661763836e+01
2.688916775661763836e+01
2.688916775661763836e+01
2.688916775661763836e+01
2.688916775661763836e+01
2.688916775661763836e+01
2.688916775661763836e+01
2.688916775661763836e+01
2.688916775661763836e+01
2.688916775661763836e+01
2.688916775661763836e+01
2.688916775661763836e+01
2.688916775661763836e+01
2.688916775661763836e+01
2.688916775661763836e+01
2.688916775661763836e+01
2.688916775661763836e+01
2.688916775661763836e+01
2.688916775661763836e+01
2.688916775661763836e+01
2.688916775661763836e+01
2.688916775661763836e+01
2.688916775661763836e+01
2.688916775661763836e+01
2.688916775661763836e+01
2.688916775661763836e+01
2.688916775661763836e+01
2.688916775661763836e+01
2.688916775661763836e+01
2.688916775661763836e+01
2.688916775661763836e+01
2.688916775661763836e+01
2.688916775661763836e+01
2.688916775661763836e+01
2.688916775661763836e+01
2.688916775661763836e+01
2.688916775661763836e+01
2.688916775661763836e+01
2.688916775661763836e+01
2.688916775661763836e+01
2.688916775661763836e+01
2.688916775661763836e+01
2.688916775661763836e+01
2.688916775661763836e+01
2.688916775661763836e+01
2.688916775661763836e+01
2.688916775661763836e+01
2.688916775661763836e+01
2.688916775661763836e+01
2.688916775661763836e+01
2.688916775661763836e+01
2.688916775661763836e+01
2.688916775661763836e+01
2.688916775661763836e+01
2.688916775661763836e+01
2.688916775661763836e+01
2.688916775661763836e+01
2.688916775661763836e+01
2.688916775661763836e+01
2.688916775661763836e+01
2.688916775661763836e+01
2.688916775661763836e+01
2.688916775661763836e+01
2.688916775661763836e+01
2.688916775661763836e+01
2.688916775661763836e+01
2.688916775661763836e+01
2.688916775661763836e+01
2.688916775661763836e+01
2.688916775661763836e+01
2.688916775661763836e+01
2.688916775661763836e+01
2.688916775661763836e+01
2.688916775661763836e+01
2.688916775661763836e+01
2.688916775661763836e+01
2.688916775661763836e+01
2.688916775661763836e+01
2.688916775661763836e+01
2.688916775661763836e+01
2.688916775661763836e+01
2.688916775661763836e+01
2.688916775661763836e+01
2.688916775661763836e+01
2.688916775661763836e+01
2.688916775661763836e+01
2.688916775661763836e+01
2.688916775661763836e+01
2.688916775661763836e+01
2.688916775661763836e+01
2.688916775661763836e+01
2.688916775661763836e+01
2.688916775661763836e+01
2.688916775661763836e+01
2.688916775661763836e+01
2.688916775661763836e+01
2.688916775661763836e+01
2.688916775661763836e+01
2.688916775661763836e+01
2.688916775661763836e+01
2.688916775661763836e+01
2.688916775661763836e+01
2.688916775661763836e+01
2.688916775661763836e+01
2.688916775661763836e+01
2.688916775661763836e+01
2.688916775661763836e+01
2.688916775661763836e+01
2.688916775661763836e+01
2.688916775661763836e+01
2.688916775661763836e+01
2.688916775661763836e+01
2.688916775661763836e+01
2.688916775661763836e+01
2.688916775661763836e+01
2.688916775661763836e+01
2.688916775661763836e+01
2.688916775661763836e+01
2.688916775661763836e+01
2.688916775661763836e+01
2.688916775661763836e+01
2.688916775661763836e+01
2.688916775661763836e+01
2.688916775661763836e+01
2.688916775661763836e+01
2.688916775661763836e+01
2.688916775661763836e+01
2.688916775661763836e+01
2.688916775661763836e+01
2.688916775661763836e+01
2.688916775661763836e+01
2.688916775661763836e+01
2.688916775661763836e+01
2.688916775661763836e+01
2.688916775661763836e+01
2.688916775661763836e+01
2.688916775661763836e+01
2.688916775661763836e+01
2.688916775661763836e+01
2.688916775661763836e+01
2.688916775661763836e+01
2.688916775661763836e+01
2.688916775661763836e+01
2.688916775661763836e+01
2.688916775661763836e+01
2.688916775661763836e+01
2.688916775661763836e+01
2.688916775661763836e+01
2.688916775661763836e+01
2.688916775661763836e+01
2.688916775661763836e+01
2.688916775661763836e+01
2.688916775661763836e+01
2.688916775661763836e+01
2.688916775661763836e+01
2.688916775661763836e+01
2.688916775661763836e+01
2.688916775661763836e+01
2.688916775661763836e+01
2.688916775661763836e+01
2.688916775661763836e+01
2.688916775661763836e+01
2.688916775661763836e+01
2.688916775661763836e+01
2.688916775661763836e+01
2.688916775661763836e+01
2.688916775661763836e+01
2.688916775661763836e+01
2.688916775661763836e+01
2.688916775661763836e+01
2.688916775661763836e+01
2.688916775661763836e+01
2.688916775661763836e+01
2.688916775661763836e+01
2.688916775661763836e+01
2.688916775661763836e+01
2.688916775661763836e+01
2.688916775661763836e+01
2.688916775661763836e+01
2.688916775661763836e+01
2.688916775661763836e+01
2.688916775661763836e+01
2.688916775661763836e+01
2.688916775661763836e+01
2.688916775661763836e+01
2.688916775661763836e+01
2.688916775661763836e+01
2.688916775661763836e+01
2.688916775661763836e+01
2.688916775661763836e+01
2.688916775661763836e+01
2.688916775661763836e+01
2.688916775661763836e+01
2.688916775661763836e+01
2.688916775661763836e+01
2.688916775661763836e+01
2.688916775661763836e+01
2.688916775661763836e+01
2.688916775661763836e+01
2.688916775661763836e+01
2.688916775661763836e+01
2.688916775661763836e+01
2.688916775661763836e+01
2.688916775661763836e+01
2.688916775661763836e+01
2.688916775661763836e+01
2.688916775661763836e+01
2.688916775661763836e+01
2.688916775661763836e+01
2.688916775661763836e+01
2.688916775661763836e+01
2.688916775661763836e+01
2.688916775661763836e+01
2.688916775661763836e+01
2.688916775661763836e+01
2.688916775661763836e+01
2.688916775661763836e+01
2.688916775661763836e+01
2.688916775661763836e+01
2.688916775661763836e+01
2.688916775661763836e+01
2.688916775661763836e+01
2.688916775661763836e+01
2.688916775661763836e+01
2.688916775661763836e+01
2.688916775661763836e+01
2.688916775661763836e+01
2.688916775661763836e+01
2.688916775661763836e+01
2.688916775661763836e+01
2.688916775661763836e+01
2.688916775661763836e+01
2.688916775661763836e+01
2.688916775661763836e+01
2.688916775661763836e+01
2.688916775661763836e+01
2.688916775661763836e+01
2.688916775661763836e+01
2.688916775661763836e+01
2.688916775661763836e+01
2.688916775661763836e+01
2.688916775661763836e+01
2.688916775661763836e+01
2.688916775661763836e+01
2.688916775661763836e+01
2.688916775661763836e+01
2.688916775661763836e+01
2.688916775661763836e+01
2.688916775661763836e+01
2.688916775661763836e+01
2.688916775661763836e+01
2.688916775661763836e+01
2.688916775661763836e+01
2.688916775661763836e+01
2.688916775661763836e+01
2.688916775661763836e+01
2.688916775661763836e+01
2.688916775661763836e+01
2.688916775661763836e+01
2.688916775661763836e+01
2.688916775661763836e+01
2.688916775661763836e+01
2.688916775661763836e+01
2.688916775661763836e+01
2.688916775661763836e+01
2.688916775661763836e+01
2.688916775661763836e+01
2.688916775661763836e+01
2.688916775661763836e+01
2.688916775661763836e+01
2.688916775661763836e+01
2.688916775661763836e+01
2.688916775661763836e+01
2.688916775661763836e+01
2.688916775661763836e+01
2.688916775661763836e+01
2.688916775661763836e+01
2.688916775661763836e+01
2.688916775661763836e+01
2.688916775661763836e+01
2.688916775661763836e+01
2.688916775661763836e+01
2.688916775661763836e+01
2.688916775661763836e+01
2.688916775661763836e+01
2.688916775661763836e+01
2.688916775661763836e+01
2.688916775661763836e+01
2.688916775661763836e+01
2.688916775661763836e+01
2.688916775661763836e+01
2.688916775661763836e+01
2.688916775661763836e+01
2.688916775661763836e+01
2.688916775661763836e+01
2.688916775661763836e+01
2.688916775661763836e+01
2.688916775661763836e+01
2.688916775661763836e+01
2.688916775661763836e+01
2.688916775661763836e+01
2.688916775661763836e+01
2.688916775661763836e+01
2.688916775661763836e+01
2.688916775661763836e+01
2.688916775661763836e+01
2.688916775661763836e+01
2.688916775661763836e+01
2.688916775661763836e+01
2.688916775661763836e+01
2.688916775661763836e+01
2.688916775661763836e+01
2.688916775661763836e+01
2.688916775661763836e+01
2.688916775661763836e+01
2.688916775661763836e+01
2.688916775661763836e+01
2.688916775661763836e+01
2.688916775661763836e+01
2.688916775661763836e+01
2.688916775661763836e+01
2.688916775661763836e+01
2.688916775661763836e+01
2.688916775661763836e+01
2.688916775661763836e+01
2.688916775661763836e+01
2.688916775661763836e+01
2.688916775661763836e+01
2.688916775661763836e+01
2.688916775661763836e+01
2.688916775661763836e+01
2.688916775661763836e+01
2.688916775661763836e+01
2.688916775661763836e+01
2.688916775661763836e+01
2.688916775661763836e+01
2.688916775661763836e+01
2.688916775661763836e+01
2.688916775661763836e+01
2.688916775661763836e+01
2.688916775661763836e+01
2.688916775661763836e+01
2.688916775661763836e+01
2.688916775661763836e+01
2.688916775661763836e+01
2.688916775661763836e+01
2.688916775661763836e+01
2.688916775661763836e+01
2.688916775661763836e+01
2.688916775661763836e+01
2.688916775661763836e+01
2.688916775661763836e+01
2.688916775661763836e+01
2.688916775661763836e+01
2.688916775661763836e+01
2.688916775661763836e+01
2.688916775661763836e+01
2.688916775661763836e+01
2.688916775661763836e+01
2.688916775661763836e+01
2.688916775661763836e+01
2.688916775661763836e+01
2.688916775661763836e+01
2.688916775661763836e+01
2.688916775661763836e+01
2.688916775661763836e+01
2.688916775661763836e+01
2.688916775661763836e+01
2.688916775661763836e+01
2.688916775661763836e+01
2.688916775661763836e+01
2.688916775661763836e+01
2.688916775661763836e+01
2.688916775661763836e+01
2.688916775661763836e+01
2.688916775661763836e+01
2.688916775661763836e+01
2.688916775661763836e+01
2.688916775661763836e+01
2.688916775661763836e+01
2.688916775661763836e+01
2.688916775661763836e+01
2.688916775661763836e+01
2.688916775661763836e+01
2.688916775661763836e+01
2.688916775661763836e+01
2.688916775661763836e+01
2.688916775661763836e+01
2.688916775661763836e+01
2.688916775661763836e+01
2.688916775661763836e+01
2.688916775661763836e+01
2.688916775661763836e+01
2.688916775661763836e+01
2.688916775661763836e+01
2.688916775661763836e+01
2.688916775661763836e+01
2.688916775661763836e+01
2.688916775661763836e+01
2.688916775661763836e+01
2.688916775661763836e+01
2.688916775661763836e+01
2.688916775661763836e+01
2.688916775661763836e+01
2.688916775661763836e+01
2.688916775661763836e+01
2.688916775661763836e+01
2.688916775661763836e+01
2.688916775661763836e+01
2.688916775661763836e+01
2.688916775661763836e+01
2.688916775661763836e+01
2.688916775661763836e+01
2.688916775661763836e+01
2.688916775661763836e+01
2.688916775661763836e+01
2.688916775661763836e+01
2.688916775661763836e+01
2.688916775661763836e+01
2.688916775661763836e+01
2.688916775661763836e+01
2.688916775661763836e+01
2.688916775661763836e+01
2.688916775661763836e+01
2.688916775661763836e+01
2.688916775661763836e+01
2.688916775661763836e+01
2.688916775661763836e+01
2.688916775661763836e+01
2.688916775661763836e+01
2.688916775661763836e+01
2.688916775661763836e+01
2.688916775661763836e+01
2.688916775661763836e+01
2.688916775661763836e+01
2.688916775661763836e+01
2.688916775661763836e+01
2.688916775661763836e+01
2.688916775661763836e+01
2.688916775661763836e+01
2.688916775661763836e+01
2.688916775661763836e+01
2.688916775661763836e+01
2.688916775661763836e+01
2.688916775661763836e+01
2.688916775661763836e+01
2.688916775661763836e+01
2.688916775661763836e+01
2.688916775661763836e+01
2.688916775661763836e+01
2.688916775661763836e+01
2.688916775661763836e+01
2.688916775661763836e+01
2.688916775661763836e+01
2.688916775661763836e+01
2.688916775661763836e+01
2.688916775661763836e+01
2.688916775661763836e+01
2.688916775661763836e+01
2.688916775661763836e+01
2.688916775661763836e+01
2.688916775661763836e+01
2.688916775661763836e+01
2.688916775661763836e+01
2.688916775661763836e+01
2.688916775661763836e+01
2.688916775661763836e+01
2.688916775661763836e+01
2.688916775661763836e+01
2.688916775661763836e+01
2.688916775661763836e+01
2.688916775661763836e+01
2.688916775661763836e+01
2.688916775661763836e+01
2.688916775661763836e+01
2.688916775661763836e+01
2.688916775661763836e+01
2.688916775661763836e+01
2.688916775661763836e+01
2.688916775661763836e+01
2.688916775661763836e+01
2.688916775661763836e+01
2.688916775661763836e+01
2.688916775661763836e+01
2.688916775661763836e+01
2.688916775661763836e+01
2.688916775661763836e+01
2.688916775661763836e+01
2.688916775661763836e+01
2.688916775661763836e+01
2.688916775661763836e+01
2.688916775661763836e+01
2.688916775661763836e+01
2.688916775661763836e+01
2.688916775661763836e+01
2.688916775661763836e+01
2.688916775661763836e+01
2.688916775661763836e+01
2.688916775661763836e+01
2.688916775661763836e+01
2.688916775661763836e+01
2.688916775661763836e+01
2.688916775661763836e+01
2.688916775661763836e+01
2.688916775661763836e+01
2.688916775661763836e+01
2.688916775661763836e+01
2.688916775661763836e+01
2.688916775661763836e+01
2.688916775661763836e+01
2.688916775661763836e+01
2.688916775661763836e+01
2.688916775661763836e+01
2.688916775661763836e+01
2.688916775661763836e+01
2.688916775661763836e+01
2.688916775661763836e+01
2.688916775661763836e+01
2.688916775661763836e+01
2.688916775661763836e+01
2.688916775661763836e+01
2.688916775661763836e+01
2.688916775661763836e+01
2.688916775661763836e+01
2.688916775661763836e+01
2.688916775661763836e+01
2.688916775661763836e+01
2.688916775661763836e+01
2.688916775661763836e+01
2.688916775661763836e+01
2.688916775661763836e+01
2.688916775661763836e+01
2.688916775661763836e+01
2.688916775661763836e+01
2.688916775661763836e+01
2.688916775661763836e+01
2.688916775661763836e+01
2.688916775661763836e+01
2.688916775661763836e+01
2.688916775661763836e+01
2.688916775661763836e+01
2.688916775661763836e+01
2.688916775661763836e+01
2.688916775661763836e+01
2.688916775661763836e+01
2.688916775661763836e+01
2.688916775661763836e+01
2.688916775661763836e+01
2.688916775661763836e+01
2.688916775661763836e+01
2.688916775661763836e+01
2.688916775661763836e+01
2.688916775661763836e+01
2.688916775661763836e+01
2.688916775661763836e+01
2.688916775661763836e+01
2.688916775661763836e+01
2.688916775661763836e+01
2.688916775661763836e+01
2.688916775661763836e+01
2.688916775661763836e+01
2.688916775661763836e+01
2.688916775661763836e+01
2.688916775661763836e+01
2.688916775661763836e+01
2.688916775661763836e+01
2.688916775661763836e+01
2.688916775661763836e+01
2.688916775661763836e+01
2.688916775661763836e+01
2.688916775661763836e+01
2.688916775661763836e+01
2.688916775661763836e+01
2.688916775661763836e+01
2.688916775661763836e+01
2.688916775661763836e+01
2.688916775661763836e+01
2.688916775661763836e+01
2.688916775661763836e+01
2.688916775661763836e+01
2.688916775661763836e+01
2.688916775661763836e+01
2.688916775661763836e+01
2.688916775661763836e+01
2.688916775661763836e+01
2.688916775661763836e+01
2.688916775661763836e+01
2.688916775661763836e+01
2.688916775661763836e+01
2.688916775661763836e+01
2.688916775661763836e+01
2.688916775661763836e+01
2.688916775661763836e+01
2.688916775661763836e+01
2.688916775661763836e+01
2.688916775661763836e+01
2.688916775661763836e+01
2.688916775661763836e+01
2.688916775661763836e+01
2.688916775661763836e+01
2.688916775661763836e+01
2.688916775661763836e+01
2.688916775661763836e+01
2.688916775661763836e+01
2.688916775661763836e+01
2.688916775661763836e+01
2.688916775661763836e+01
2.688916775661763836e+01
2.688916775661763836e+01
2.688916775661763836e+01
2.688916775661763836e+01
2.688916775661763836e+01
2.688916775661763836e+01
2.688916775661763836e+01
2.688916775661763836e+01
2.688916775661763836e+01
2.688916775661763836e+01
2.688916775661763836e+01
2.688916775661763836e+01
2.688916775661763836e+01
2.688916775661763836e+01
2.688916775661763836e+01
2.688916775661763836e+01
2.688916775661763836e+01
2.688916775661763836e+01
2.688916775661763836e+01
2.688916775661763836e+01
2.688916775661763836e+01
2.688916775661763836e+01
2.688916775661763836e+01
2.688916775661763836e+01
2.688916775661763836e+01
2.688916775661763836e+01
2.688916775661763836e+01
2.688916775661763836e+01
2.688916775661763836e+01
2.688916775661763836e+01
2.688916775661763836e+01
2.688916775661763836e+01
2.688916775661763836e+01
2.688916775661763836e+01
2.688916775661763836e+01
2.688916775661763836e+01
2.688916775661763836e+01
2.688916775661763836e+01
2.688916775661763836e+01
2.688916775661763836e+01
2.688916775661763836e+01
2.688916775661763836e+01
2.688916775661763836e+01
2.688916775661763836e+01
2.688916775661763836e+01
2.688916775661763836e+01
2.688916775661763836e+01
2.688916775661763836e+01
2.688916775661763836e+01
2.688916775661763836e+01
2.688916775661763836e+01
2.688916775661763836e+01
2.688916775661763836e+01
2.688916775661763836e+01
2.688916775661763836e+01
2.688916775661763836e+01
2.688916775661763836e+01
2.688916775661763836e+01
2.688916775661763836e+01
2.688916775661763836e+01
2.688916775661763836e+01
2.688916775661763836e+01
2.688916775661763836e+01
2.688916775661763836e+01
2.688916775661763836e+01
2.688916775661763836e+01
2.688916775661763836e+01
2.688916775661763836e+01
2.688916775661763836e+01
2.688916775661763836e+01
2.688916775661763836e+01
2.688916775661763836e+01
2.688916775661763836e+01
2.688916775661763836e+01
2.688916775661763836e+01
2.688916775661763836e+01
2.688916775661763836e+01
2.688916775661763836e+01
2.688916775661763836e+01
2.688916775661763836e+01
2.688916775661763836e+01
2.688916775661763836e+01
2.688916775661763836e+01
2.688916775661763836e+01
2.688916775661763836e+01
2.688916775661763836e+01
2.688916775661763836e+01
2.688916775661763836e+01
2.688916775661763836e+01
2.688916775661763836e+01
2.688916775661763836e+01
2.688916775661763836e+01
2.688916775661763836e+01
2.688916775661763836e+01
2.688916775661763836e+01
2.688916775661763836e+01
2.688916775661763836e+01
2.688916775661763836e+01
2.688916775661763836e+01
2.688916775661763836e+01
2.688916775661763836e+01
2.688916775661763836e+01
2.688916775661763836e+01
2.688916775661763836e+01
2.688916775661763836e+01
2.688916775661763836e+01
2.688916775661763836e+01
2.688916775661763836e+01
2.688916775661763836e+01
2.688916775661763836e+01
2.688916775661763836e+01
2.688916775661763836e+01
2.688916775661763836e+01
2.688916775661763836e+01
2.688916775661763836e+01
2.688916775661763836e+01
2.688916775661763836e+01
2.688916775661763836e+01
2.688916775661763836e+01
2.688916775661763836e+01
2.688916775661763836e+01
2.688916775661763836e+01
2.688916775661763836e+01
2.688916775661763836e+01
2.688916775661763836e+01
2.688916775661763836e+01
2.688916775661763836e+01
2.688916775661763836e+01
2.688916775661763836e+01
2.688916775661763836e+01
2.688916775661763836e+01
2.688916775661763836e+01
2.688916775661763836e+01
2.688916775661763836e+01
2.688916775661763836e+01
2.688916775661763836e+01
2.688916775661763836e+01
2.688916775661763836e+01
2.688916775661763836e+01
2.688916775661763836e+01
2.688916775661763836e+01
2.688916775661763836e+01
2.688916775661763836e+01
2.688916775661763836e+01
2.688916775661763836e+01
2.688916775661763836e+01
2.688916775661763836e+01
2.688916775661763836e+01
2.688916775661763836e+01
2.688916775661763836e+01
2.688916775661763836e+01
2.688916775661763836e+01
2.688916775661763836e+01
2.688916775661763836e+01
2.688916775661763836e+01
2.688916775661763836e+01
2.688916775661763836e+01
2.688916775661763836e+01
2.688916775661763836e+01
2.688916775661763836e+01
2.688916775661763836e+01
2.688916775661763836e+01
2.688916775661763836e+01
2.688916775661763836e+01
2.688916775661763836e+01
2.688916775661763836e+01
2.688916775661763836e+01
2.688916775661763836e+01
2.688916775661763836e+01
2.688916775661763836e+01
2.688916775661763836e+01
2.688916775661763836e+01
2.688916775661763836e+01
2.688916775661763836e+01
2.688916775661763836e+01
2.688916775661763836e+01
2.688916775661763836e+01
2.688916775661763836e+01
2.688916775661763836e+01
2.688916775661763836e+01
2.688916775661763836e+01
2.688916775661763836e+01
2.688916775661763836e+01
2.688916775661763836e+01
2.688916775661763836e+01
2.688916775661763836e+01
2.688916775661763836e+01
2.688916775661763836e+01
2.688916775661763836e+01
2.688916775661763836e+01
2.688916775661763836e+01
2.688916775661763836e+01
2.688916775661763836e+01
2.688916775661763836e+01
2.688916775661763836e+01
2.688916775661763836e+01
2.688916775661763836e+01
2.688916775661763836e+01
2.688916775661763836e+01
2.688916775661763836e+01
2.688916775661763836e+01
2.688916775661763836e+01
2.688916775661763836e+01
2.688916775661763836e+01
2.688916775661763836e+01
2.688916775661763836e+01
2.688916775661763836e+01
2.688916775661763836e+01
2.688916775661763836e+01
2.688916775661763836e+01
2.688916775661763836e+01
2.688916775661763836e+01
2.688916775661763836e+01
2.688916775661763836e+01
2.688916775661763836e+01
2.688916775661763836e+01
2.688916775661763836e+01
2.688916775661763836e+01
2.688916775661763836e+01
2.688916775661763836e+01
2.688916775661763836e+01
2.688916775661763836e+01
2.688916775661763836e+01
2.688916775661763836e+01
2.688916775661763836e+01
2.688916775661763836e+01
2.688916775661763836e+01
2.688916775661763836e+01
2.688916775661763836e+01
2.688916775661763836e+01
2.688916775661763836e+01
2.688916775661763836e+01
2.688916775661763836e+01
2.688916775661763836e+01
2.688916775661763836e+01
2.688916775661763836e+01
2.688916775661763836e+01
2.688916775661763836e+01
2.688916775661763836e+01
2.688916775661763836e+01
2.688916775661763836e+01
2.688916775661763836e+01
2.688916775661763836e+01
2.688916775661763836e+01
2.688916775661763836e+01
2.688916775661763836e+01
2.688916775661763836e+01
2.688916775661763836e+01
2.688916775661763836e+01
2.688916775661763836e+01
2.688916775661763836e+01
2.688916775661763836e+01
2.688916775661763836e+01
2.688916775661763836e+01
2.688916775661763836e+01
2.688916775661763836e+01
2.688916775661763836e+01
2.688916775661763836e+01
2.688916775661763836e+01
2.688916775661763836e+01
2.688916775661763836e+01
2.688916775661763836e+01
2.688916775661763836e+01
2.688916775661763836e+01
2.688916775661763836e+01
2.688916775661763836e+01
2.688916775661763836e+01
2.688916775661763836e+01
2.688916775661763836e+01
2.688916775661763836e+01
2.688916775661763836e+01
2.688916775661763836e+01
2.688916775661763836e+01
2.688916775661763836e+01
2.688916775661763836e+01
2.688916775661763836e+01
2.688916775661763836e+01
2.688916775661763836e+01
2.688916775661763836e+01
2.688916775661763836e+01
2.688916775661763836e+01
2.688916775661763836e+01
2.688916775661763836e+01
2.688916775661763836e+01
2.688916775661763836e+01
2.688916775661763836e+01
2.688916775661763836e+01
2.688916775661763836e+01
2.688916775661763836e+01
2.688916775661763836e+01
2.688916775661763836e+01
2.688916775661763836e+01
2.688916775661763836e+01
2.688916775661763836e+01
2.688916775661763836e+01
2.688916775661763836e+01
2.688916775661763836e+01
2.688916775661763836e+01
2.688916775661763836e+01
2.688916775661763836e+01
2.688916775661763836e+01
2.688916775661763836e+01
2.688916775661763836e+01
2.688916775661763836e+01
2.688916775661763836e+01
2.688916775661763836e+01
2.688916775661763836e+01
2.688916775661763836e+01
2.688916775661763836e+01
2.688916775661763836e+01
2.688916775661763836e+01
2.688916775661763836e+01
2.688916775661763836e+01
2.688916775661763836e+01
2.688916775661763836e+01
2.688916775661763836e+01
2.688916775661763836e+01
2.688916775661763836e+01
2.688916775661763836e+01
2.688916775661763836e+01
2.688916775661763836e+01
2.688916775661763836e+01
2.688916775661763836e+01
2.688916775661763836e+01
2.688916775661763836e+01
2.688916775661763836e+01
2.688916775661763836e+01
2.688916775661763836e+01
2.688916775661763836e+01
2.688916775661763836e+01
2.688916775661763836e+01
2.688916775661763836e+01
2.688916775661763836e+01
2.688916775661763836e+01
2.688916775661763836e+01
2.688916775661763836e+01
2.688916775661763836e+01
2.688916775661763836e+01
2.688916775661763836e+01
2.688916775661763836e+01
2.688916775661763836e+01
2.688916775661763836e+01
2.688916775661763836e+01
2.688916775661763836e+01
2.688916775661763836e+01
2.688916775661763836e+01
2.688916775661763836e+01
2.688916775661763836e+01
2.688916775661763836e+01
2.688916775661763836e+01
2.688916775661763836e+01
2.688916775661763836e+01
2.688916775661763836e+01
2.688916775661763836e+01
2.688916775661763836e+01
2.688916775661763836e+01
2.688916775661763836e+01
2.688916775661763836e+01
2.688916775661763836e+01
2.688916775661763836e+01
2.688916775661763836e+01
2.688916775661763836e+01
2.688916775661763836e+01
2.688916775661763836e+01
2.688916775661763836e+01
2.688916775661763836e+01
2.688916775661763836e+01
2.688916775661763836e+01
2.688916775661763836e+01
2.688916775661763836e+01
2.688916775661763836e+01
2.688916775661763836e+01
2.688916775661763836e+01
2.688916775661763836e+01
2.688916775661763836e+01
2.688916775661763836e+01
2.688916775661763836e+01
2.688916775661763836e+01
2.688916775661763836e+01
2.688916775661763836e+01
2.688916775661763836e+01
2.688916775661763836e+01
2.688916775661763836e+01
2.688916775661763836e+01
2.688916775661763836e+01
2.688916775661763836e+01
2.688916775661763836e+01
2.688916775661763836e+01
2.688916775661763836e+01
2.688916775661763836e+01
2.688916775661763836e+01
2.688916775661763836e+01
2.688916775661763836e+01
2.688916775661763836e+01
2.688916775661763836e+01
2.688916775661763836e+01
2.688916775661763836e+01
2.688916775661763836e+01
2.688916775661763836e+01
2.688916775661763836e+01
2.688916775661763836e+01
2.688916775661763836e+01
2.688916775661763836e+01
2.688916775661763836e+01
2.688916775661763836e+01
2.688916775661763836e+01
2.688916775661763836e+01
2.688916775661763836e+01
2.688916775661763836e+01
2.688916775661763836e+01
2.688916775661763836e+01
2.688916775661763836e+01
2.688916775661763836e+01
2.688916775661763836e+01
2.688916775661763836e+01
2.688916775661763836e+01
2.688916775661763836e+01
2.688916775661763836e+01
2.688916775661763836e+01
2.688916775661763836e+01
2.688916775661763836e+01
2.688916775661763836e+01
2.688916775661763836e+01
2.688916775661763836e+01
2.688916775661763836e+01
2.688916775661763836e+01
2.688916775661763836e+01
2.688916775661763836e+01
2.688916775661763836e+01
2.688916775661763836e+01
2.688916775661763836e+01
2.688916775661763836e+01
2.688916775661763836e+01
2.688916775661763836e+01
2.688916775661763836e+01
2.688916775661763836e+01
2.688916775661763836e+01
2.688916775661763836e+01
2.688916775661763836e+01
2.688916775661763836e+01
2.688916775661763836e+01
2.688916775661763836e+01
2.688916775661763836e+01
2.688916775661763836e+01
2.688916775661763836e+01
2.688916775661763836e+01
2.688916775661763836e+01
2.688916775661763836e+01
2.688916775661763836e+01
2.688916775661763836e+01
2.688916775661763836e+01
2.688916775661763836e+01
2.688916775661763836e+01
2.688916775661763836e+01
2.688916775661763836e+01
2.688916775661763836e+01
2.688916775661763836e+01
2.688916775661763836e+01
2.688916775661763836e+01
2.688916775661763836e+01
2.688916775661763836e+01
2.688916775661763836e+01
2.688916775661763836e+01
2.688916775661763836e+01
2.688916775661763836e+01
2.688916775661763836e+01
2.688916775661763836e+01
2.688916775661763836e+01
2.688916775661763836e+01
2.688916775661763836e+01
2.688916775661763836e+01
2.688916775661763836e+01
2.688916775661763836e+01
2.688916775661763836e+01
2.688916775661763836e+01
2.688916775661763836e+01
2.688916775661763836e+01
2.688916775661763836e+01
2.688916775661763836e+01
2.688916775661763836e+01
2.688916775661763836e+01
2.688916775661763836e+01
2.688916775661763836e+01
2.688916775661763836e+01
2.688916775661763836e+01
2.688916775661763836e+01
2.688916775661763836e+01
2.688916775661763836e+01
2.688916775661763836e+01
2.688916775661763836e+01
2.688916775661763836e+01
2.688916775661763836e+01
2.688916775661763836e+01
2.688916775661763836e+01
2.688916775661763836e+01
2.688916775661763836e+01
2.688916775661763836e+01
2.688916775661763836e+01
2.688916775661763836e+01
2.688916775661763836e+01
2.688916775661763836e+01
2.688916775661763836e+01
2.688916775661763836e+01
2.688916775661763836e+01
2.688916775661763836e+01
2.688916775661763836e+01
2.688916775661763836e+01
2.688916775661763836e+01
2.688916775661763836e+01
2.688916775661763836e+01
2.688916775661763836e+01
2.688916775661763836e+01
2.688916775661763836e+01
2.688916775661763836e+01
2.688916775661763836e+01
2.688916775661763836e+01
2.688916775661763836e+01
2.688916775661763836e+01
2.688916775661763836e+01
2.688916775661763836e+01
2.688916775661763836e+01
2.688916775661763836e+01
2.688916775661763836e+01
2.688916775661763836e+01
2.688916775661763836e+01
2.688916775661763836e+01
2.688916775661763836e+01
2.688916775661763836e+01
2.688916775661763836e+01
2.688916775661763836e+01
